40000 1418738267
40000 1418738268
40001 1418738269
40001 1418738270
40001 1418738271
40000 1418738272
40000 1418738273
40001 1418738274
40000 1418738275
40002 1418738276
40003 1418738277
40000 1418738278
40001 1418738279
40000 1418738280
40000 1418738281
40000 1418738282
40000 1418738283
40000 1418738284
40000 1418738285
40001 1418738286
60 1418738286
40004 1418738287
40001 1418738288
40001 1418738289
40000 1418738290
40001 1418738291
40001 1418738292
40000 1418738293
40000 1418738294
40000 1418738295
40000 1418738296
40000 1418738297
40000 1418738298
40000 1418738299
40000 1418738300
40000 1418738301
40000 1418738302
40000 1418738303
40000 1418738304
40000 1418738305
40000 1418738306
40000 1418738307
40000 1418738308
40000 1418738309
40000 1418738310
40000 1418738311
40000 1418738312
40000 1418738313
40000 1418738314
40000 1418738315
40000 1418738316
40000 1418738317
40000 1418738318
40000 1418738319
40000 1418738320
40000 1418738321
40000 1418738322
40000 1418738323
40000 1418738324
40000 1418738325
40000 1418738326
40000 1418738327
40000 1418738328
40000 1418738329
40000 1418738330
40000 1418738331
40000 1418738332
40000 1418738333
40000 1418738334
40000 1418738335
40000 1418738336
40000 1418738337
40000 1418738338
40000 1418738339
40000 1418738340
40000 1418738341
40000 1418738342
40000 1418738343
40004 1418738344
40000 1418738345
40002 1418738346
40000 1418738347
40000 1418738348
40000 1418738349
40000 1418738350
40000 1418738351
40000 1418738352
40001 1418738353
40001 1418738354
40002 1418738355
40000 1418738356
40000 1418738357
40001 1418738358
40000 1418738359
40000 1418738360
40001 1418738361
40000 1418738362
40001 1418738363
40000 1418738364
40000 1418738365
40000 1418738366
40000 1418738367
40000 1418738368
40001 1418738369
40000 1418738370
40000 1418738371
40000 1418738372
40000 1418738373
40000 1418738374
40000 1418738375
40000 1418738376
40000 1418738377
40000 1418738378
40000 1418738379
40000 1418738380
40000 1418738381
40000 1418738382
40000 1418738383
40000 1418738384
40000 1418738385
40000 1418738386
40000 1418738387
40000 1418738388
40000 1418738389
40000 1418738390
40000 1418738391
40000 1418738392
40000 1418738393
40000 1418738394
40000 1418738395
40000 1418738396
40000 1418738397
40000 1418738398
40000 1418738399
40000 1418738400
40000 1418738401
40000 1418738402
40001 1418738403
40000 1418738404
40002 1418738405
40002 1418738406
40001 1418738407
40001 1418738408
40000 1418738409
40000 1418738410
40001 1418738411
40000 1418738412
40000 1418738413
40000 1418738414
40001 1418738415
40000 1418738416
40004 1418738417
40000 1418738418
40000 1418738419
40000 1418738420
40000 1418738421
40001 1418738422
40001 1418738423
40001 1418738424
40001 1418738425
40001 1418738426
40000 1418738427
40000 1418738428
40000 1418738429
40000 1418738430
40000 1418738431
40000 1418738432
40000 1418738433
40000 1418738434
40000 1418738435
40000 1418738436
40000 1418738437
40000 1418738438
40000 1418738439
40000 1418738440
40000 1418738441
40000 1418738442
40000 1418738443
40000 1418738444
40000 1418738445
40000 1418738446
40000 1418738447
40000 1418738448
40000 1418738449
40000 1418738450
40000 1418738451
40002 1418738452
40000 1418738453
40002 1418738454
40000 1418738455
40001 1418738456
40003 1418738457
40000 1418738458
40001 1418738459
40001 1418738460
40002 1418738461
40000 1418738462
40002 1418738463
40001 1418738464
40002 1418738465
40001 1418738466
40001 1418738467
40002 1418738468
40001 1418738469
40002 1418738470
40001 1418738471
40001 1418738472
40000 1418738473
40002 1418738474
40001 1418738475
40000 1418738476
40000 1418738477
40001 1418738478
40002 1418738479
40001 1418738480
40000 1418738481
40000 1418738482
40000 1418738483
40000 1418738484
40000 1418738485
40000 1418738486
40000 1418738487
40000 1418738488
40000 1418738490
40000 1418738491
40000 1418738492
40000 1418738493
40000 1418738494
40000 1418738495
40000 1418738496
40000 1418738497
40000 1418738498
40000 1418738499
40000 1418738500
40000 1418738501
40000 1418738502
40000 1418738503
40000 1418738504
40000 1418738505
40000 1418738506
40001 1418738507
40002 1418738508
40002 1418738509
40001 1418738510
40001 1418738511
40000 1418738512
40002 1418738513
40000 1418738514
40 1418738514
40001 1418738515
40002 1418738516
40001 1418738517
40000 1418738518
40000 1418738519
40001 1418738520
40001 1418738521
40001 1418738522
40002 1418738523
40001 1418738524
40002 1418738525
40000 1418738526
40000 1418738527
40000 1418738528
40002 1418738529
40000 1418738530
40001 1418738531
40000 1418738532
40001 1418738533
40002 1418738534
40002 1418738535
40000 1418738536
40001 1418738537
40000 1418738538
40000 1418738539
40000 1418738540
40000 1418738541
40000 1418738542
40000 1418738543
40000 1418738544
40000 1418738545
40000 1418738546
40000 1418738547
40000 1418738548
40000 1418738549
40000 1418738550
40000 1418738551
40000 1418738552
40000 1418738553
40000 1418738554
40000 1418738555
40000 1418738556
40000 1418738557
40000 1418738558
40000 1418738559
40000 1418738560
40000 1418738561
40000 1418738562
40000 1418738563
40000 1418738564
40000 1418738565
40000 1418738566
40000 1418738567
40000 1418738568
40000 1418738569
40000 1418738570
40000 1418738571
40000 1418738572
40000 1418738573
40000 1418738574
40000 1418738575
40000 1418738576
40000 1418738577
40000 1418738578
40000 1418738579
40000 1418738580
40000 1418738581
40000 1418738582
40000 1418738583
40000 1418738584
40000 1418738585
40000 1418738586
40000 1418738587
40000 1418738588
40000 1418738589
40000 1418738590
40000 1418738591
40000 1418738592
40000 1418738593
40000 1418738594
40000 1418738595
40000 1418738596
40002 1418738597
40001 1418738598
40001 1418738599
40001 1418738600
40001 1418738601
40000 1418738602
40002 1418738603
40002 1418738604
40003 1418738605
40001 1418738606
40000 1418738607
40001 1418738608
40001 1418738609
40001 1418738610
40000 1418738611
40001 1418738612
40000 1418738613
40001 1418738614
40001 1418738615
40000 1418738616
40001 1418738617
40000 1418738618
40000 1418738619
40003 1418738620
40000 1418738621
40002 1418738622
40000 1418738623
40002 1418738624
40001 1418738625
40001 1418738626
40000 1418738627
40000 1418738628
40000 1418738629
40002 1418738630
40000 1418738631
40000 1418738632
40000 1418738633
40000 1418738634
40000 1418738635
40000 1418738636
40000 1418738637
40000 1418738638
40000 1418738639
40000 1418738640
40000 1418738641
40000 1418738642
40000 1418738643
40000 1418738644
40000 1418738645
40000 1418738646
