40000 1418737834
40000 1418737835
40005 1418737836
40001 1418737837
40002 1418737838
40001 1418737839
40001 1418737840
40004 1418737841
40002 1418737842
40003 1418737843
40001 1418737844
40000 1418737845
40000 1418737846
40000 1418737847
40000 1418737848
40000 1418737849
40000 1418737850
40000 1418737851
40000 1418737852
40000 1418737853
40001 1418737854
40002 1418737855
40001 1418737856
40003 1418737857
40000 1418737858
40004 1418737859
40001 1418737860
40002 1418737861
40001 1418737862
40002 1418737863
40002 1418737864
40000 1418737865
40000 1418737866
40000 1418737867
40000 1418737868
40000 1418737869
40000 1418737870
40000 1418737871
40000 1418737872
40000 1418737873
40000 1418737874
40000 1418737875
40000 1418737876
40000 1418737877
40000 1418737878
40000 1418737879
40000 1418737880
40000 1418737881
40000 1418737882
40000 1418737883
40000 1418737884
40000 1418737885
40000 1418737886
40000 1418737887
40000 1418737888
40000 1418737889
40000 1418737890
40000 1418737891
40000 1418737892
40000 1418737893
40000 1418737894
40000 1418737895
40000 1418737896
40000 1418737897
40000 1418737898
40000 1418737899
40000 1418737900
40000 1418737901
40000 1418737902
40000 1418737903
40000 1418737904
40000 1418737905
40000 1418737906
40000 1418737907
40000 1418737908
40000 1418737909
40000 1418737910
40000 1418737911
40000 1418737912
40000 1418737913
40000 1418737914
40000 1418737915
40000 1418737916
40000 1418737917
40000 1418737918
40000 1418737919
40000 1418737920
40000 1418737921
40000 1418737922
40000 1418737923
40000 1418737924
40000 1418737925
40000 1418737926
40000 1418737927
40000 1418737928
40000 1418737929
40000 1418737930
40000 1418737931
40000 1418737932
40000 1418737933
40000 1418737934
40000 1418737935
40000 1418737936
40000 1418737937
40000 1418737938
40000 1418737939
40000 1418737940
40000 1418737941
40000 1418737942
40000 1418737943
40000 1418737944
40000 1418737945
40000 1418737946
40000 1418737947
40000 1418737948
40000 1418737949
40000 1418737950
40000 1418737951
40000 1418737952
40000 1418737953
40000 1418737954
40000 1418737955
40000 1418737956
40000 1418737957
40000 1418737958
40000 1418737959
40000 1418737960
40000 1418737961
40000 1418737962
40000 1418737963
40000 1418737964
40000 1418737965
40000 1418737966
40000 1418737967
40000 1418737968
40000 1418737969
40000 1418737970
40000 1418737971
40000 1418737972
40000 1418737973
40000 1418737974
40000 1418737975
40000 1418737976
40000 1418737977
40000 1418737978
40000 1418737979
40000 1418737980
40000 1418737981
40000 1418737982
40000 1418737983
40000 1418737984
40000 1418737985
40000 1418737986
40000 1418737987
40000 1418737988
40000 1418737989
40000 1418737990
40000 1418737991
40000 1418737992
40000 1418737993
40000 1418737994
40000 1418737995
40000 1418737996
40000 1418737997
40000 1418737998
40000 1418737999
40000 1418738000
40000 1418738001
40000 1418738002
40000 1418738003
40000 1418738004
40000 1418738005
40000 1418738006
40000 1418738007
40000 1418738008
40000 1418738009
40000 1418738010
40000 1418738011
40000 1418738012
40000 1418738013
40000 1418738014
40000 1418738015
40000 1418738017
40000 1418738018
40000 1418738019
40000 1418738020
40000 1418738021
40000 1418738022
40000 1418738023
40000 1418738024
40000 1418738025
40000 1418738026
40000 1418738027
40000 1418738028
40000 1418738029
40000 1418738030
40000 1418738031
40000 1418738032
40000 1418738033
40000 1418738034
40000 1418738035
40000 1418738036
40000 1418738037
40000 1418738038
40000 1418738039
40000 1418738040
40000 1418738041
40000 1418738042
40000 1418738043
40000 1418738044
40000 1418738045
40000 1418738046
40000 1418738047
40000 1418738048
40000 1418738049
40000 1418738050
40000 1418738051
40000 1418738052
40000 1418738053
40000 1418738054
40000 1418738055
40000 1418738056
40000 1418738057
40000 1418738058
40000 1418738059
40000 1418738060
40000 1418738061
40000 1418738062
40000 1418738063
40000 1418738064
40000 1418738065
40000 1418738066
40000 1418738067
40000 1418738068
40000 1418738069
40000 1418738070
40000 1418738071
40000 1418738072
40000 1418738073
40000 1418738074
40000 1418738075
40000 1418738076
40000 1418738077
40000 1418738078
40000 1418738079
40000 1418738080
40000 1418738081
40000 1418738082
40000 1418738083
40000 1418738084
40000 1418738085
40000 1418738086
40000 1418738087
40000 1418738088
40000 1418738089
40000 1418738090
40000 1418738091
40000 1418738092
40000 1418738093
40000 1418738094
40000 1418738095
40000 1418738096
40000 1418738097
40000 1418738098
40000 1418738099
40000 1418738100
40000 1418738101
40000 1418738102
40000 1418738103
40000 1418738104
40000 1418738105
40000 1418738106
40000 1418738107
40000 1418738108
40000 1418738109
40000 1418738110
40000 1418738111
40000 1418738112
40000 1418738113
40000 1418738114
40000 1418738115
40000 1418738116
40000 1418738117
40000 1418738118
40000 1418738119
