40000 1418735397
40000 1418735398
40002 1418735399
40002 1418735400
40002 1418735401
40000 1418735402
40004 1418735403
40001 1418735404
40003 1418735405
40001 1418735406
40003 1418735407
40005 1418735408
40005 1418735409
40002 1418735410
40002 1418735411
40004 1418735412
40002 1418735413
40006 1418735414
40001 1418735415
40002 1418735416
40001 1418735417
40004 1418735418
40001 1418735419
40001 1418735420
40004 1418735421
40000 1418735422
40002 1418735423
40006 1418735424
40003 1418735425
40004 1418735426
40004 1418735427
40002 1418735428
40003 1418735429
40002 1418735430
40001 1418735431
40004 1418735432
40002 1418735433
40003 1418735434
40004 1418735435
40001 1418735436
40002 1418735437
40003 1418735438
40001 1418735439
40001 1418735440
40001 1418735441
40005 1418735442
40008 1418735443
40003 1418735444
40000 1418735445
40001 1418735446
40002 1418735447
40001 1418735448
40003 1418735449
40003 1418735450
40001 1418735451
40002 1418735452
40002 1418735453
40002 1418735454
40001 1418735455
40001 1418735456
40004 1418735457
40003 1418735458
40003 1418735459
40004 1418735460
40002 1418735461
40002 1418735462
40002 1418735463
40002 1418735464
40000 1418735465
40001 1418735466
40002 1418735467
40002 1418735468
40000 1418735469
40003 1418735470
40002 1418735471
40001 1418735472
40002 1418735473
40001 1418735474
40003 1418735475
40001 1418735476
40000 1418735477
40005 1418735478
40002 1418735479
40004 1418735480
40003 1418735481
40003 1418735482
40001 1418735483
40006 1418735484
40001 1418735485
40002 1418735486
40001 1418735487
40002 1418735488
40002 1418735489
40002 1418735490
40001 1418735491
40002 1418735492
40005 1418735493
40002 1418735494
40003 1418735495
40002 1418735496
40002 1418735497
40003 1418735498
40001 1418735499
40002 1418735500
40002 1418735501
40001 1418735502
40000 1418735503
40002 1418735504
40003 1418735505
40000 1418735506
40001 1418735507
40001 1418735508
40003 1418735509
40001 1418735510
40002 1418735511
40002 1418735512
40001 1418735513
40001 1418735514
40002 1418735515
40005 1418735516
40005 1418735517
40002 1418735518
40001 1418735519
40003 1418735520
40002 1418735521
40003 1418735522
40001 1418735523
40003 1418735524
40005 1418735525
40003 1418735526
40002 1418735527
40003 1418735528
40000 1418735529
40004 1418735530
40001 1418735531
40001 1418735532
40001 1418735533
40002 1418735534
40001 1418735535
40002 1418735536
40003 1418735537
40001 1418735538
40003 1418735539
40001 1418735540
40001 1418735541
40002 1418735542
40003 1418735543
40001 1418735544
40001 1418735545
40001 1418735546
40002 1418735547
40002 1418735548
40002 1418735549
40001 1418735550
40002 1418735551
40003 1418735552
40002 1418735553
40003 1418735554
40000 1418735555
40003 1418735556
40002 1418735557
40002 1418735558
40004 1418735559
40002 1418735560
40001 1418735561
40000 1418735562
40002 1418735563
40006 1418735564
40002 1418735565
40001 1418735566
40003 1418735567
40003 1418735568
40000 1418735569
40001 1418735570
40004 1418735571
40000 1418735572
40002 1418735573
40002 1418735574
40002 1418735575
40001 1418735576
40001 1418735577
40000 1418735578
40001 1418735579
40005 1418735580
40004 1418735581
40003 1418735582
40003 1418735583
40002 1418735585
40000 1418735586
40002 1418735587
40003 1418735588
40001 1418735589
40001 1418735590
40001 1418735591
40001 1418735592
40002 1418735593
40001 1418735594
40004 1418735595
40001 1418735596
40001 1418735597
40002 1418735598
40002 1418735599
40006 1418735600
40002 1418735601
860 1418735601
40004 1418735602
40003 1418735603
40000 1418735604
40002 1418735605
40001 1418735606
40001 1418735607
40001 1418735608
40002 1418735609
3140 1418735609
40006 1418735610
40004 1418735611
40002 1418735612
40003 1418735613
40002 1418735614
40002 1418735615
40003 1418735616
40003 1418735617
40000 1418735618
40003 1418735619
40003 1418735620
40002 1418735621
40003 1418735622
40002 1418735623
40001 1418735624
40000 1418735625
40001 1418735626
40003 1418735627
40003 1418735628
40001 1418735629
40002 1418735630
40005 1418735631
40004 1418735632
40002 1418735633
40001 1418735634
3500 1418735634
40002 1418735635
40002 1418735636
40000 1418735637
40003 1418735638
40001 1418735639
40000 1418735640
40006 1418735641
40002 1418735642
40003 1418735643
40001 1418735644
40002 1418735645
40000 1418735646
40004 1418735647
40004 1418735648
40003 1418735649
40002 1418735650
40001 1418735651
40000 1418735652
40003 1418735653
40002 1418735654
40005 1418735655
40001 1418735656
40005 1418735657
40001 1418735658
40002 1418735659
40001 1418735660
40004 1418735661
40003 1418735662
40003 1418735663
40001 1418735664
40002 1418735665
40003 1418735666
40005 1418735667
40002 1418735668
40000 1418735669
40004 1418735670
40002 1418735671
40004 1418735672
40001 1418735673
40003 1418735674
40002 1418735675
40003 1418735676
40003 1418735677
40004 1418735678
40001 1418735679
40002 1418735680
40000 1418735681
40002 1418735682
40000 1418735683
40002 1418735684
40001 1418735685
40000 1418735686
40002 1418735687
40002 1418735688
40001 1418735689
40002 1418735690
40001 1418735691
40001 1418735692
40002 1418735693
40004 1418735694
40003 1418735695
40003 1418735696
40001 1418735697
40004 1418735698
40004 1418735699
40003 1418735700
40003 1418735701
40002 1418735702
40002 1418735703
40002 1418735704
40002 1418735705
40001 1418735706
40002 1418735707
40003 1418735708
40003 1418735709
40003 1418735710
40002 1418735711
40001 1418735712
40001 1418735713
40004 1418735714
40004 1418735715
40003 1418735716
40001 1418735717
40005 1418735718
40002 1418735719
40003 1418735720
40003 1418735721
40007 1418735722
40001 1418735723
40003 1418735724
40001 1418735725
40002 1418735726
40002 1418735727
40004 1418735728
40001 1418735729
40002 1418735730
40003 1418735731
40002 1418735732
40002 1418735733
40001 1418735734
40004 1418735735
40002 1418735736
40002 1418735737
40000 1418735738
40002 1418735739
40003 1418735740
40001 1418735741
40004 1418735742
40001 1418735743
40002 1418735744
40001 1418735745
40003 1418735746
40003 1418735747
40001 1418735748
40000 1418735749
40004 1418735750
40002 1418735751
40003 1418735752
40004 1418735753
40000 1418735754
40002 1418735755
40003 1418735756
40001 1418735757
40002 1418735758
40000 1418735759
40001 1418735760
40000 1418735761
40001 1418735762
40002 1418735763
40001 1418735764
40002 1418735765
40000 1418735766
40001 1418735767
40003 1418735768
40001 1418735769
40003 1418735770
40000 1418735771
40005 1418735772
40003 1418735773
40001 1418735774
40002 1418735775
40000 1418735776
40001 1418735777
40002 1418735778
40000 1418735779
40002 1418735780
40004 1418735781
40000 1418735782
40002 1418735783
40002 1418735784
40002 1418735785
40002 1418735786
40002 1418735787
40000 1418735788
40001 1418735789
40002 1418735790
40003 1418735791
40001 1418735792
40004 1418735793
40003 1418735794
40001 1418735795
40007 1418735796
40003 1418735797
40003 1418735798
40004 1418735799
40001 1418735800
40003 1418735801
40001 1418735802
40001 1418735803
40002 1418735804
40001 1418735805
40003 1418735806
40002 1418735807
40002 1418735808
40003 1418735809
40002 1418735810
40000 1418735811
40003 1418735812
40000 1418735813
40000 1418735814
40001 1418735815
40003 1418735816
40004 1418735817
40003 1418735818
40002 1418735819
40002 1418735820
40001 1418735821
40004 1418735822
40003 1418735823
40003 1418735824
40001 1418735825
40002 1418735826
40001 1418735827
40002 1418735828
40005 1418735829
40000 1418735830
40001 1418735831
40003 1418735832
40003 1418735833
40003 1418735834
40003 1418735835
40000 1418735836
40004 1418735837
40001 1418735838
40000 1418735839
40002 1418735840
40002 1418735841
40004 1418735842
40000 1418735843
40003 1418735844
40003 1418735845
40003 1418735846
40000 1418735847
40000 1418735848
40002 1418735849
40002 1418735850
40002 1418735851
40004 1418735852
40002 1418735853
40005 1418735854
40004 1418735855
40001 1418735856
40002 1418735857
40002 1418735858
40000 1418735859
40000 1418735860
40001 1418735861
40002 1418735862
40000 1418735863
40003 1418735864
40002 1418735865
40001 1418735866
40001 1418735867
40000 1418735868
40003 1418735869
40001 1418735870
40000 1418735872
40004 1418735873
40003 1418735874
40005 1418735875
40003 1418735876
40001 1418735877
40003 1418735878
40001 1418735879
40000 1418735880
40001 1418735881
40004 1418735882
40001 1418735883
40001 1418735884
40002 1418735885
40001 1418735886
40000 1418735887
40004 1418735888
40002 1418735889
40006 1418735890
40004 1418735891
40001 1418735892
40000 1418735893
40000 1418735894
40003 1418735895
40001 1418735896
40003 1418735897
40004 1418735898
40003 1418735899
40002 1418735900
1840 1418735900
40003 1418735901
40001 1418735902
40004 1418735903
40003 1418735904
40001 1418735905
40004 1418735906
40003 1418735907
40000 1418735908
40003 1418735909
40000 1418735910
40003 1418735911
40000 1418735912
40003 1418735913
40003 1418735914
40001 1418735915
40001 1418735916
40002 1418735917
40003 1418735918
40004 1418735919
40001 1418735920
40002 1418735921
40002 1418735922
40002 1418735923
40003 1418735924
40002 1418735925
40004 1418735926
40004 1418735927
40006 1418735928
40001 1418735929
40001 1418735930
40000 1418735931
40002 1418735932
40002 1418735933
40003 1418735934
40001 1418735935
40003 1418735936
40003 1418735937
40000 1418735938
40003 1418735939
40001 1418735940
40002 1418735941
40006 1418735942
40001 1418735943
40000 1418735944
40005 1418735945
40002 1418735946
40001 1418735947
40000 1418735948
40001 1418735949
40004 1418735950
40002 1418735951
40002 1418735952
40002 1418735953
40002 1418735954
40002 1418735955
40001 1418735956
40003 1418735957
40000 1418735958
40004 1418735959
40002 1418735960
40006 1418735961
40004 1418735962
40002 1418735963
40001 1418735964
40001 1418735965
40001 1418735966
40001 1418735967
40003 1418735968
40006 1418735969
40000 1418735970
40004 1418735971
40000 1418735972
40001 1418735973
40004 1418735974
40001 1418735975
40004 1418735976
40000 1418735977
40002 1418735978
40002 1418735979
40002 1418735980
40002 1418735981
40001 1418735982
40006 1418735983
40000 1418735984
40002 1418735985
40003 1418735986
40006 1418735987
40001 1418735988
40002 1418735989
40002 1418735990
40005 1418735991
40001 1418735992
40002 1418735993
40004 1418735994
40003 1418735995
40002 1418735996
40000 1418735997
40002 1418735998
40001 1418735999
40001 1418736000
40002 1418736001
40002 1418736002
40002 1418736003
40003 1418736004
40002 1418736005
40004 1418736006
40001 1418736007
40002 1418736008
40005 1418736009
40004 1418736010
40001 1418736011
40001 1418736012
40002 1418736013
40004 1418736014
40005 1418736015
40001 1418736016
40003 1418736017
40001 1418736018
40003 1418736019
40000 1418736020
40005 1418736021
40005 1418736022
40003 1418736023
40003 1418736024
40002 1418736025
40001 1418736026
40002 1418736027
40003 1418736028
40001 1418736029
40001 1418736030
40001 1418736031
40001 1418736032
40003 1418736033
40005 1418736034
40006 1418736035
40001 1418736036
40006 1418736037
40001 1418736038
40001 1418736039
40003 1418736040
40001 1418736041
40001 1418736042
40004 1418736043
40003 1418736044
40002 1418736045
40002 1418736046
40002 1418736047
40003 1418736048
40001 1418736049
40000 1418736050
40001 1418736051
40001 1418736052
40001 1418736053
40004 1418736054
40004 1418736055
40004 1418736056
40004 1418736057
40001 1418736058
40002 1418736059
40001 1418736060
40004 1418736061
40001 1418736062
40002 1418736063
40002 1418736064
40003 1418736065
40003 1418736066
40000 1418736067
40004 1418736068
40002 1418736069
40000 1418736070
40003 1418736071
40000 1418736072
40003 1418736073
40003 1418736074
40002 1418736075
40002 1418736076
40001 1418736077
40001 1418736078
40002 1418736079
40001 1418736080
40003 1418736081
40002 1418736082
40000 1418736083
40003 1418736084
40001 1418736085
40001 1418736086
40003 1418736087
40001 1418736088
40000 1418736089
40000 1418736090
40001 1418736091
40002 1418736092
40004 1418736093
40004 1418736094
40003 1418736095
40003 1418736096
40001 1418736097
40001 1418736098
40000 1418736099
40004 1418736100
40002 1418736101
40004 1418736102
40000 1418736103
40002 1418736104
40004 1418736105
40003 1418736106
40004 1418736107
40000 1418736108
40001 1418736109
40000 1418736110
40003 1418736111
40003 1418736112
40002 1418736113
40002 1418736114
40001 1418736115
40000 1418736116
40005 1418736117
40001 1418736118
40003 1418736119
40003 1418736120
40001 1418736121
40000 1418736122
40001 1418736123
40002 1418736124
40001 1418736125
40001 1418736126
40001 1418736127
40001 1418736128
40006 1418736129
40002 1418736130
40003 1418736131
40001 1418736132
40001 1418736133
40000 1418736134
40003 1418736135
40005 1418736136
40003 1418736137
40001 1418736138
40002 1418736139
40006 1418736140
40005 1418736141
40001 1418736142
40003 1418736143
40002 1418736144
40001 1418736145
40002 1418736146
40002 1418736147
40000 1418736148
40004 1418736149
40001 1418736150
40002 1418736151
40000 1418736152
40001 1418736153
40000 1418736154
40004 1418736155
40002 1418736156
40002 1418736157
40002 1418736158
40002 1418736159
40001 1418736160
40005 1418736161
40001 1418736162
40003 1418736163
40001 1418736164
40001 1418736165
40003 1418736166
40003 1418736167
40002 1418736168
40000 1418736169
40003 1418736170
40004 1418736171
40001 1418736172
40001 1418736173
40002 1418736174
40004 1418736175
40001 1418736176
40002 1418736177
40000 1418736178
40000 1418736179
40000 1418736180
40002 1418736181
40004 1418736182
40005 1418736183
40002 1418736184
40002 1418736185
40002 1418736186
40002 1418736187
40001 1418736188
40004 1418736189
40001 1418736190
40001 1418736191
40001 1418736192
40000 1418736193
40003 1418736194
40003 1418736195
40002 1418736196
40000 1418736197
40001 1418736198
40001 1418736199
40003 1418736200
40005 1418736201
40002 1418736202
40002 1418736203
40001 1418736204
40000 1418736205
40001 1418736206
40003 1418736207
40001 1418736208
40000 1418736209
40002 1418736210
40001 1418736211
40003 1418736212
40000 1418736213
40001 1418736214
40002 1418736215
40002 1418736216
40003 1418736217
40003 1418736218
40004 1418736219
40002 1418736220
40004 1418736221
40004 1418736222
40002 1418736223
40001 1418736224
40004 1418736225
40003 1418736226
40001 1418736227
40000 1418736228
40001 1418736229
40004 1418736230
40003 1418736231
40003 1418736232
40003 1418736233
40002 1418736234
40001 1418736235
40002 1418736236
40001 1418736237
40006 1418736238
40002 1418736239
40002 1418736240
40003 1418736241
40003 1418736242
40000 1418736243
40002 1418736244
40001 1418736245
40001 1418736246
40002 1418736247
40003 1418736248
40000 1418736249
40003 1418736250
40001 1418736251
40003 1418736252
40001 1418736253
40005 1418736254
40002 1418736255
40000 1418736256
40005 1418736257
40003 1418736258
40001 1418736259
40001 1418736260
40001 1418736261
40000 1418736262
40001 1418736263
40001 1418736264
40000 1418736265
40004 1418736266
40000 1418736267
40001 1418736268
40002 1418736269
40003 1418736270
40000 1418736271
40003 1418736272
40000 1418736273
40000 1418736274
40002 1418736275
40005 1418736276
40002 1418736277
40002 1418736278
40002 1418736279
40003 1418736280
40005 1418736281
40001 1418736282
40000 1418736283
40002 1418736284
40006 1418736285
40001 1418736286
40004 1418736287
40000 1418736288
40002 1418736289
40002 1418736290
40001 1418736291
40003 1418736292
40004 1418736293
40004 1418736294
40000 1418736295
40002 1418736296
40002 1418736297
40003 1418736298
40003 1418736299
40003 1418736300
40001 1418736301
40000 1418736302
40002 1418736303
40001 1418736304
40001 1418736305
40003 1418736306
40000 1418736307
40001 1418736308
40002 1418736309
40003 1418736310
40003 1418736311
40000 1418736312
40002 1418736313
40002 1418736314
40000 1418736315
40002 1418736316
40002 1418736317
40004 1418736318
40003 1418736319
40003 1418736320
40004 1418736321
40001 1418736322
40005 1418736323
40001 1418736324
40003 1418736325
40004 1418736326
40000 1418736327
40000 1418736328
40003 1418736329
40003 1418736330
40008 1418736331
40004 1418736332
40001 1418736333
40003 1418736334
40007 1418736335
40000 1418736336
40001 1418736337
40002 1418736338
40002 1418736339
40003 1418736340
40002 1418736341
40001 1418736342
40001 1418736343
40002 1418736344
40001 1418736345
40006 1418736346
40001 1418736347
40002 1418736348
40003 1418736349
40006 1418736350
40001 1418736351
40003 1418736352
40001 1418736353
40001 1418736354
40004 1418736355
40001 1418736357
40004 1418736358
40002 1418736359
40004 1418736360
40002 1418736361
40002 1418736362
40004 1418736363
40004 1418736364
40003 1418736365
40000 1418736366
40001 1418736367
40001 1418736368
40001 1418736369
40000 1418736370
40004 1418736371
40000 1418736372
40006 1418736373
40002 1418736374
40004 1418736375
40001 1418736376
40006 1418736377
40000 1418736378
40001 1418736379
40001 1418736380
40001 1418736381
40001 1418736382
40004 1418736383
40003 1418736384
40003 1418736385
40001 1418736386
40003 1418736387
40003 1418736388
40002 1418736389
40005 1418736390
40000 1418736391
40000 1418736392
40002 1418736393
40002 1418736394
40001 1418736395
40002 1418736396
40003 1418736397
40005 1418736398
40002 1418736399
40002 1418736400
40003 1418736401
40000 1418736402
40002 1418736403
40001 1418736404
40003 1418736405
40003 1418736406
40006 1418736407
40002 1418736408
40002 1418736409
40003 1418736410
40002 1418736411
40000 1418736412
40002 1418736413
40000 1418736414
40001 1418736415
40002 1418736416
40001 1418736417
40003 1418736418
40000 1418736419
40001 1418736420
40005 1418736421
40003 1418736422
40003 1418736423
40003 1418736424
40003 1418736425
40001 1418736426
40001 1418736427
40000 1418736428
40001 1418736429
40004 1418736430
40003 1418736431
40003 1418736432
40004 1418736433
40001 1418736434
40002 1418736435
40004 1418736436
40002 1418736437
40005 1418736438
40002 1418736439
40001 1418736440
40005 1418736441
40001 1418736442
40001 1418736443
40002 1418736444
40005 1418736445
40001 1418736446
40001 1418736447
40001 1418736448
40000 1418736449
40002 1418736450
40001 1418736451
40003 1418736452
40000 1418736453
40002 1418736454
40003 1418736455
40004 1418736456
40002 1418736457
40002 1418736458
40002 1418736459
40004 1418736460
40005 1418736461
40004 1418736462
40003 1418736463
40003 1418736464
40001 1418736465
40001 1418736466
40000 1418736467
40003 1418736468
40001 1418736469
40003 1418736470
40000 1418736471
40005 1418736472
40003 1418736473
40002 1418736474
40006 1418736475
40000 1418736476
40001 1418736477
40001 1418736478
40003 1418736479
40002 1418736480
40003 1418736481
40001 1418736482
40002 1418736483
40002 1418736484
40001 1418736485
40002 1418736486
40002 1418736487
40000 1418736488
40001 1418736489
40004 1418736490
40003 1418736491
40002 1418736492
40002 1418736493
40001 1418736494
40003 1418736495
40004 1418736496
40005 1418736497
40001 1418736498
40001 1418736499
40003 1418736500
40002 1418736501
40002 1418736502
40003 1418736503
40001 1418736504
40000 1418736505
40001 1418736506
40002 1418736507
40001 1418736508
40004 1418736509
680 1418736510
40002 1418736510
40003 1418736511
40003 1418736512
40003 1418736513
40004 1418736514
40002 1418736515
40000 1418736516
40001 1418736517
40002 1418736518
560 1418736518
40003 1418736519
40002 1418736520
40002 1418736521
40004 1418736522
40002 1418736523
40002 1418736524
40003 1418736525
40001 1418736526
40001 1418736527
40002 1418736528
40000 1418736529
40000 1418736530
40002 1418736531
40002 1418736532
40001 1418736533
40005 1418736534
40004 1418736535
40001 1418736536
40003 1418736537
40004 1418736538
40003 1418736539
40002 1418736540
40003 1418736541
40000 1418736542
40001 1418736543
40001 1418736544
40003 1418736545
40002 1418736546
40001 1418736547
40000 1418736548
40003 1418736549
40001 1418736550
40001 1418736551
40003 1418736552
40001 1418736553
40003 1418736554
40003 1418736555
40001 1418736556
40003 1418736557
40001 1418736558
40003 1418736559
40003 1418736560
40001 1418736561
40002 1418736562
40001 1418736563
40006 1418736564
40002 1418736565
40003 1418736566
40001 1418736567
40005 1418736568
40004 1418736569
40001 1418736570
40001 1418736571
40004 1418736572
40002 1418736573
40000 1418736574
40003 1418736575
40000 1418736576
40003 1418736577
40003 1418736578
40003 1418736579
40003 1418736580
40004 1418736581
40001 1418736582
40000 1418736583
40002 1418736584
40001 1418736585
40003 1418736586
40004 1418736587
40002 1418736588
40000 1418736589
40001 1418736590
40003 1418736591
40007 1418736592
40001 1418736593
40005 1418736594
40001 1418736595
40000 1418736596
40004 1418736597
40000 1418736598
40001 1418736599
40004 1418736600
40002 1418736601
40001 1418736602
40002 1418736603
40000 1418736604
40003 1418736605
40000 1418736606
40003 1418736607
40005 1418736608
40003 1418736609
40001 1418736610
40004 1418736611
40002 1418736612
40002 1418736613
40000 1418736614
40001 1418736615
40000 1418736616
40001 1418736617
40001 1418736618
40002 1418736619
40001 1418736620
40005 1418736621
40002 1418736622
40003 1418736623
40002 1418736624
40004 1418736625
40002 1418736626
40003 1418736627
40001 1418736628
40001 1418736629
40003 1418736630
40003 1418736631
40001 1418736632
40001 1418736633
40002 1418736634
40001 1418736635
40002 1418736636
40001 1418736637
40001 1418736638
40001 1418736639
40004 1418736640
40004 1418736641
40003 1418736642
40001 1418736643
40000 1418736644
40001 1418736645
40001 1418736646
40001 1418736647
40002 1418736648
40002 1418736649
40002 1418736650
40002 1418736651
40001 1418736652
40003 1418736653
40003 1418736654
40001 1418736655
40002 1418736656
40004 1418736657
40003 1418736658
40003 1418736659
40000 1418736660
40001 1418736661
40002 1418736662
40002 1418736663
40006 1418736664
40006 1418736665
40001 1418736666
40002 1418736667
40000 1418736668
40002 1418736669
40002 1418736670
40003 1418736671
40002 1418736672
40000 1418736673
40003 1418736674
40000 1418736675
40003 1418736676
40003 1418736677
40004 1418736678
40002 1418736679
40001 1418736680
40003 1418736681
40003 1418736682
40001 1418736683
40004 1418736684
40006 1418736685
40004 1418736686
40003 1418736687
40000 1418736688
40001 1418736689
40003 1418736690
40003 1418736691
40003 1418736692
40003 1418736693
40003 1418736694
40004 1418736695
40000 1418736696
40003 1418736697
40002 1418736698
40001 1418736699
40001 1418736700
40001 1418736701
40002 1418736702
40001 1418736703
40003 1418736704
40003 1418736705
40002 1418736706
40001 1418736707
40001 1418736708
40002 1418736709
40002 1418736710
40001 1418736711
40002 1418736712
40003 1418736713
40001 1418736714
40002 1418736715
40002 1418736716
40000 1418736717
40002 1418736718
40001 1418736719
40002 1418736720
40000 1418736721
40003 1418736722
40001 1418736723
40002 1418736724
40004 1418736725
40004 1418736726
40001 1418736727
40006 1418736728
40002 1418736729
40001 1418736730
40005 1418736731
40001 1418736732
40002 1418736733
40000 1418736734
40000 1418736735
40002 1418736736
40003 1418736737
40000 1418736738
40005 1418736739
40002 1418736740
40001 1418736741
40004 1418736742
40002 1418736743
40002 1418736744
40001 1418736745
40002 1418736746
40003 1418736747
40001 1418736748
40002 1418736749
40001 1418736750
40000 1418736751
40000 1418736752
40000 1418736753
40001 1418736754
40003 1418736755
40002 1418736756
40002 1418736757
40002 1418736758
40002 1418736759
40002 1418736760
40002 1418736761
40004 1418736762
40001 1418736763
40002 1418736764
40002 1418736765
40000 1418736766
40003 1418736767
40001 1418736768
40001 1418736769
40001 1418736770
40002 1418736771
40004 1418736772
40003 1418736773
40004 1418736774
40000 1418736775
40001 1418736776
40002 1418736777
40004 1418736778
40002 1418736779
40003 1418736780
40003 1418736781
40004 1418736782
40002 1418736783
40003 1418736784
40000 1418736785
40000 1418736786
40002 1418736787
40003 1418736788
40002 1418736789
40006 1418736790
40003 1418736791
40002 1418736792
40003 1418736793
40000 1418736794
40002 1418736795
40004 1418736796
40003 1418736797
40002 1418736798
40003 1418736799
40005 1418736800
40001 1418736801
40002 1418736802
40002 1418736803
40003 1418736804
40002 1418736805
40001 1418736806
40005 1418736807
40003 1418736808
40003 1418736809
40004 1418736810
40001 1418736811
40001 1418736812
40004 1418736813
40002 1418736814
40001 1418736815
40000 1418736816
40004 1418736817
40003 1418736818
40002 1418736819
40003 1418736820
40004 1418736821
40002 1418736822
40002 1418736823
40001 1418736824
40001 1418736825
40000 1418736826
40006 1418736827
40001 1418736828
40001 1418736829
40004 1418736830
40005 1418736831
40002 1418736832
40005 1418736833
40000 1418736834
40003 1418736835
40003 1418736836
40004 1418736837
40002 1418736838
40001 1418736839
40002 1418736840
40002 1418736841
40004 1418736842
40000 1418736843
40005 1418736844
40003 1418736845
40004 1418736846
40002 1418736847
40004 1418736848
40002 1418736849
40001 1418736850
40002 1418736851
40006 1418736852
40005 1418736853
40001 1418736854
40003 1418736855
40006 1418736856
40000 1418736857
40003 1418736858
40004 1418736859
40000 1418736860
40002 1418736861
40004 1418736862
40002 1418736863
40004 1418736864
40002 1418736865
40001 1418736866
40003 1418736867
40003 1418736868
40005 1418736869
40002 1418736870
40002 1418736871
40003 1418736872
40002 1418736874
40004 1418736875
40001 1418736876
40000 1418736877
40003 1418736878
40000 1418736879
40004 1418736880
40002 1418736881
40003 1418736882
40003 1418736883
40002 1418736884
40000 1418736885
40001 1418736886
40003 1418736887
40000 1418736888
40002 1418736889
40004 1418736890
40002 1418736891
40002 1418736892
40003 1418736893
40003 1418736894
40004 1418736895
40002 1418736896
40003 1418736897
40004 1418736898
40002 1418736899
40005 1418736900
40001 1418736901
40001 1418736902
40003 1418736903
40004 1418736904
40004 1418736905
40002 1418736906
40006 1418736907
40004 1418736908
40002 1418736909
40000 1418736910
40003 1418736911
40000 1418736912
40003 1418736913
40001 1418736914
40002 1418736915
40001 1418736916
40001 1418736917
40000 1418736918
40005 1418736919
40004 1418736920
40002 1418736921
40001 1418736922
40003 1418736923
40004 1418736924
40001 1418736925
40003 1418736926
40001 1418736927
40002 1418736928
40002 1418736929
40002 1418736930
40002 1418736931
40001 1418736932
40003 1418736933
40003 1418736934
40005 1418736935
40004 1418736936
40003 1418736937
40004 1418736938
40001 1418736939
40001 1418736940
40008 1418736941
40002 1418736942
40002 1418736943
40002 1418736944
40002 1418736945
40000 1418736946
40001 1418736947
40002 1418736948
40003 1418736949
40003 1418736950
40000 1418736951
40003 1418736952
40001 1418736953
40000 1418736954
40002 1418736955
40003 1418736956
40002 1418736957
40002 1418736958
40002 1418736959
40001 1418736960
40005 1418736961
40002 1418736962
40001 1418736963
40003 1418736964
40000 1418736965
40001 1418736966
40001 1418736967
40002 1418736968
40002 1418736969
40002 1418736970
40001 1418736971
40003 1418736972
40004 1418736973
40002 1418736974
40002 1418736975
40004 1418736976
40003 1418736977
40004 1418736978
40003 1418736979
40001 1418736980
40002 1418736981
40002 1418736982
40005 1418736983
40002 1418736984
40003 1418736985
40001 1418736986
40002 1418736987
40003 1418736988
40004 1418736989
40001 1418736990
1100 1418736990
40003 1418736991
40001 1418736992
40002 1418736993
40001 1418736994
40001 1418736995
40002 1418736996
40003 1418736997
40002 1418736998
40002 1418736999
40003 1418737000
40003 1418737001
40003 1418737002
40005 1418737003
40005 1418737004
40000 1418737005
40003 1418737006
40000 1418737007
40002 1418737008
40004 1418737009
40000 1418737010
40003 1418737011
40001 1418737012
40003 1418737013
40001 1418737014
40001 1418737015
40002 1418737016
40005 1418737017
40001 1418737018
40001 1418737019
40005 1418737020
40003 1418737021
40003 1418737022
40004 1418737023
40003 1418737024
40001 1418737025
40000 1418737026
40003 1418737027
40002 1418737028
40004 1418737029
40000 1418737030
40000 1418737031
40005 1418737032
40001 1418737033
40002 1418737034
40004 1418737035
40000 1418737036
40002 1418737037
40003 1418737038
40002 1418737039
40002 1418737040
40003 1418737041
40001 1418737042
40006 1418737043
40002 1418737044
40002 1418737045
40002 1418737046
40000 1418737047
40003 1418737048
40004 1418737049
40001 1418737050
40002 1418737051
40002 1418737052
40002 1418737053
40001 1418737054
40000 1418737055
40001 1418737056
40002 1418737057
40004 1418737058
40002 1418737059
40003 1418737060
40002 1418737061
40004 1418737062
40001 1418737063
40002 1418737064
40002 1418737065
40000 1418737066
40001 1418737067
40000 1418737068
40002 1418737069
40003 1418737070
40001 1418737071
40002 1418737072
40003 1418737073
40001 1418737074
40001 1418737075
40001 1418737076
40000 1418737077
40000 1418737078
40001 1418737079
40003 1418737080
40004 1418737081
40003 1418737082
40007 1418737083
40002 1418737084
40000 1418737085
40001 1418737086
40003 1418737087
40002 1418737088
40001 1418737089
40001 1418737090
40004 1418737091
40005 1418737092
40005 1418737093
40003 1418737094
40003 1418737095
40004 1418737096
40002 1418737097
40004 1418737098
40000 1418737099
40005 1418737100
40000 1418737101
40002 1418737102
40001 1418737103
40003 1418737104
40004 1418737105
40004 1418737106
40003 1418737107
40001 1418737108
40000 1418737109
40002 1418737110
40002 1418737111
40004 1418737112
40002 1418737113
40004 1418737114
40004 1418737115
40002 1418737116
40003 1418737117
40001 1418737118
40005 1418737119
40002 1418737120
40000 1418737121
40001 1418737122
40000 1418737123
40001 1418737124
40005 1418737125
40002 1418737126
40002 1418737127
6660 1418737127
40001 1418737128
40001 1418737129
40003 1418737130
40001 1418737131
40001 1418737132
40003 1418737133
40000 1418737134
40001 1418737135
40001 1418737136
40002 1418737137
40002 1418737138
40003 1418737139
40002 1418737140
40001 1418737141
540 1418737141
40001 1418737142
40002 1418737143
40004 1418737144
40003 1418737145
40002 1418737146
40001 1418737147
40003 1418737148
40003 1418737149
40004 1418737150
40001 1418737151
40002 1418737152
40004 1418737153
40000 1418737154
40001 1418737155
40002 1418737156
40003 1418737157
40002 1418737158
40001 1418737159
40003 1418737160
40000 1418737161
40000 1418737162
40000 1418737163
40004 1418737164
40001 1418737165
40002 1418737166
40003 1418737167
40001 1418737168
40002 1418737169
40001 1418737170
40002 1418737171
40002 1418737172
40004 1418737173
40000 1418737174
40000 1418737175
40001 1418737176
40000 1418737177
40002 1418737178
40001 1418737179
40004 1418737180
40003 1418737181
40000 1418737182
40003 1418737183
40002 1418737184
40001 1418737185
40001 1418737186
40002 1418737187
40002 1418737188
40003 1418737189
40006 1418737190
40004 1418737191
40001 1418737192
40002 1418737193
40003 1418737194
40003 1418737195
40005 1418737196
40003 1418737197
40005 1418737198
40001 1418737199
40001 1418737200
40003 1418737201
40003 1418737202
40000 1418737203
40004 1418737204
40002 1418737205
40003 1418737206
40003 1418737207
40001 1418737208
40002 1418737209
40001 1418737210
40004 1418737211
40003 1418737212
40001 1418737213
40003 1418737214
40003 1418737215
40000 1418737216
40004 1418737217
40001 1418737218
40003 1418737219
40003 1418737220
40004 1418737221
40002 1418737222
40002 1418737223
40001 1418737224
40000 1418737225
40005 1418737226
40002 1418737227
40002 1418737228
40003 1418737229
40001 1418737230
40000 1418737231
40000 1418737232
40002 1418737233
40002 1418737234
40001 1418737235
40000 1418737236
40001 1418737237
40002 1418737238
40002 1418737239
40001 1418737240
40002 1418737241
40003 1418737242
40002 1418737243
40003 1418737244
40003 1418737245
40003 1418737246
40003 1418737247
40003 1418737248
40004 1418737249
40005 1418737250
40001 1418737251
40001 1418737252
40003 1418737253
40003 1418737254
40002 1418737255
40004 1418737256
40003 1418737257
40004 1418737258
40000 1418737259
40004 1418737260
40000 1418737261
40000 1418737262
40001 1418737263
40005 1418737264
40004 1418737265
40003 1418737266
40001 1418737267
40001 1418737268
40002 1418737269
40000 1418737270
40002 1418737271
40005 1418737272
40002 1418737273
40003 1418737274
40004 1418737275
40002 1418737276
40003 1418737277
40004 1418737278
40000 1418737279
40001 1418737280
40002 1418737281
40000 1418737282
40005 1418737283
40004 1418737284
40002 1418737285
40001 1418737286
40002 1418737287
40002 1418737288
40003 1418737289
40001 1418737290
40001 1418737291
40001 1418737292
40004 1418737293
40000 1418737294
40002 1418737295
40002 1418737296
40006 1418737297
40003 1418737298
40003 1418737299
40001 1418737300
40001 1418737301
40001 1418737302
40002 1418737303
40000 1418737304
40000 1418737305
40001 1418737306
40003 1418737307
40004 1418737308
40002 1418737309
40001 1418737310
40003 1418737311
40003 1418737312
40002 1418737313
40001 1418737314
40001 1418737315
40000 1418737316
40006 1418737317
40002 1418737318
40003 1418737319
40000 1418737320
40004 1418737321
40003 1418737322
40000 1418737323
40003 1418737324
40002 1418737325
40001 1418737326
40002 1418737327
40003 1418737328
40001 1418737329
40003 1418737330
40002 1418737331
40000 1418737332
40001 1418737333
40004 1418737334
40003 1418737335
40004 1418737336
40004 1418737337
40001 1418737338
40002 1418737339
40002 1418737340
40002 1418737341
40003 1418737342
40001 1418737343
40001 1418737344
40001 1418737345
40004 1418737346
40002 1418737347
40006 1418737348
40001 1418737349
40001 1418737350
40003 1418737351
40001 1418737352
40003 1418737353
40003 1418737354
40002 1418737355
40003 1418737356
40001 1418737357
40002 1418737358
40003 1418737359
40000 1418737360
40002 1418737361
40000 1418737362
40002 1418737363
40005 1418737364
40001 1418737365
40001 1418737366
40002 1418737367
40002 1418737368
40002 1418737369
5540 1418737370
40005 1418737370
40002 1418737371
40002 1418737372
40001 1418737373
580 1418737374
40002 1418737374
40004 1418737375
40001 1418737376
40001 1418737377
40003 1418737378
40002 1418737379
40001 1418737380
40003 1418737381
40001 1418737382
40001 1418737383
40001 1418737384
40003 1418737385
40002 1418737386
40003 1418737387
40004 1418737388
40003 1418737389
40000 1418737390
40002 1418737391
40003 1418737392
40002 1418737393
40004 1418737394
40004 1418737395
40002 1418737396
40003 1418737397
40004 1418737398
40001 1418737399
40003 1418737400
40002 1418737401
40000 1418737402
40000 1418737403
40004 1418737404
40000 1418737405
40004 1418737406
40005 1418737407
40003 1418737408
40001 1418737409
40002 1418737410
40006 1418737411
40004 1418737412
40001 1418737413
40003 1418737414
40003 1418737415
40003 1418737416
40002 1418737417
40001 1418737418
40003 1418737419
40001 1418737420
40002 1418737421
40004 1418737422
40005 1418737423
40003 1418737424
40004 1418737425
40004 1418737426
40002 1418737427
40002 1418737428
40002 1418737429
40002 1418737430
40002 1418737431
40004 1418737432
40001 1418737433
40003 1418737434
40003 1418737435
40001 1418737436
40005 1418737437
40002 1418737438
40002 1418737439
40003 1418737440
40003 1418737441
40002 1418737442
40000 1418737443
40005 1418737444
40002 1418737445
40002 1418737446
40004 1418737447
40003 1418737448
40006 1418737449
40001 1418737450
40001 1418737451
40003 1418737452
40005 1418737453
40001 1418737454
40003 1418737455
40000 1418737456
40000 1418737457
40000 1418737458
40002 1418737459
40004 1418737460
40002 1418737461
40006 1418737462
40001 1418737463
40000 1418737464
40001 1418737465
40000 1418737466
40000 1418737467
40004 1418737468
40002 1418737469
40002 1418737470
40003 1418737471
40002 1418737472
40000 1418737473
40001 1418737474
40001 1418737475
40002 1418737476
40002 1418737477
40003 1418737478
40003 1418737479
40002 1418737480
40001 1418737481
40001 1418737482
40002 1418737483
40000 1418737484
40005 1418737485
40002 1418737486
40001 1418737487
40005 1418737488
40003 1418737489
40002 1418737490
40003 1418737491
40004 1418737492
40002 1418737493
40001 1418737494
40000 1418737495
40001 1418737496
40002 1418737497
40002 1418737498
40002 1418737499
40001 1418737500
40002 1418737501
40000 1418737502
40004 1418737503
40003 1418737504
40004 1418737505
40003 1418737506
40000 1418737507
40004 1418737508
40001 1418737509
40000 1418737510
40001 1418737511
40001 1418737512
40003 1418737513
40006 1418737514
40001 1418737515
40004 1418737516
80 1418737517
40003 1418737517
40001 1418737518
40001 1418737519
40001 1418737520
40004 1418737521
40006 1418737522
40002 1418737523
40001 1418737524
40001 1418737525
40001 1418737526
40004 1418737527
40002 1418737528
40002 1418737529
40003 1418737530
40002 1418737531
40005 1418737532
40006 1418737533
40004 1418737534
40006 1418737535
40000 1418737536
40002 1418737537
40004 1418737538
40003 1418737539
40003 1418737540
40002 1418737541
40004 1418737542
40001 1418737543
40001 1418737544
40003 1418737545
40000 1418737546
40000 1418737547
40002 1418737548
40001 1418737549
40003 1418737550
40000 1418737551
40003 1418737552
40004 1418737553
40002 1418737554
1340 1418737555
40006 1418737555
40001 1418737556
40002 1418737557
40000 1418737558
40001 1418737560
40002 1418737561
40003 1418737562
40002 1418737563
40005 1418737564
40002 1418737565
40002 1418737566
40002 1418737567
40001 1418737568
40003 1418737569
40005 1418737570
40003 1418737571
40003 1418737572
40000 1418737573
40002 1418737574
40001 1418737575
40004 1418737576
40004 1418737577
40002 1418737578
40000 1418737579
40002 1418737580
40001 1418737581
40004 1418737582
40002 1418737583
40001 1418737584
40006 1418737585
40000 1418737586
40002 1418737587
40001 1418737588
40005 1418737589
40003 1418737590
40002 1418737591
40000 1418737592
40003 1418737593
40000 1418737594
40001 1418737595
40000 1418737596
40004 1418737597
40000 1418737598
40001 1418737599
40004 1418737600
40002 1418737601
40003 1418737602
40001 1418737603
40001 1418737604
40002 1418737605
40006 1418737606
40000 1418737607
40001 1418737608
40003 1418737609
40002 1418737610
40001 1418737611
40000 1418737612
40001 1418737613
40002 1418737614
40001 1418737615
40003 1418737616
40002 1418737617
40002 1418737618
40001 1418737619
40001 1418737620
40002 1418737621
40002 1418737622
40001 1418737623
40002 1418737624
40002 1418737625
40001 1418737626
40005 1418737627
40000 1418737628
40008 1418737629
40000 1418737630
40005 1418737631
40003 1418737632
40001 1418737633
40004 1418737634
40002 1418737635
40001 1418737636
40001 1418737637
40003 1418737638
40001 1418737639
40002 1418737640
40002 1418737641
40000 1418737642
40006 1418737643
40005 1418737644
40001 1418737645
40000 1418737646
40001 1418737647
40003 1418737648
40002 1418737649
40004 1418737650
40004 1418737651
40002 1418737652
40002 1418737653
40004 1418737654
40003 1418737655
40003 1418737656
40004 1418737657
40001 1418737658
40000 1418737659
40003 1418737660
40000 1418737661
40003 1418737662
40001 1418737663
40000 1418737664
40003 1418737665
40005 1418737666
40002 1418737667
40003 1418737668
40002 1418737669
40000 1418737670
40004 1418737671
40003 1418737672
40006 1418737673
40002 1418737674
40001 1418737675
40000 1418737676
40002 1418737677
40002 1418737678
40002 1418737679
40003 1418737680
40004 1418737681
40001 1418737682
40001 1418737683
40000 1418737684
40004 1418737685
40004 1418737686
40001 1418737687
40002 1418737688
40001 1418737689
40002 1418737690
40002 1418737691
40000 1418737692
40003 1418737693
40003 1418737694
40002 1418737695
6200 1418737696
40002 1418737696
40003 1418737697
40001 1418737698
40003 1418737699
40001 1418737700
40001 1418737701
40003 1418737702
40002 1418737703
40002 1418737704
40004 1418737705
40000 1418737706
40002 1418737707
40000 1418737708
40003 1418737709
40001 1418737710
40005 1418737711
40004 1418737712
40002 1418737713
40001 1418737714
40001 1418737715
40003 1418737716
40003 1418737717
40002 1418737718
40004 1418737719
40001 1418737720
40003 1418737721
40004 1418737722
40003 1418737723
40000 1418737724
40001 1418737725
40003 1418737726
40003 1418737727
40001 1418737728
40004 1418737729
40004 1418737730
40000 1418737731
40001 1418737732
40005 1418737733
40003 1418737734
40001 1418737735
40000 1418737736
