40000 1418738655
40000 1418738656
40001 1418738658
40002 1418738659
40001 1418738660
40002 1418738661
40002 1418738662
40000 1418738663
40000 1418738664
40001 1418738665
40001 1418738666
40000 1418738667
40000 1418738668
40000 1418738669
40000 1418738670
40000 1418738671
40000 1418738672
40001 1418738673
40000 1418738674
40000 1418738675
40000 1418738676
40001 1418738677
40002 1418738678
40001 1418738679
40002 1418738680
40000 1418738681
40000 1418738682
40000 1418738683
40000 1418738684
40000 1418738685
40000 1418738686
40000 1418738687
40000 1418738688
40000 1418738689
40000 1418738690
40000 1418738691
40000 1418738692
40000 1418738693
40000 1418738694
40000 1418738695
40000 1418738696
40000 1418738697
40000 1418738698
40000 1418738699
40000 1418738700
40000 1418738701
40000 1418738702
40000 1418738703
40000 1418738704
40000 1418738705
40000 1418738706
40001 1418738707
40000 1418738708
40000 1418738709
40001 1418738710
40004 1418738711
40000 1418738712
40003 1418738713
40002 1418738714
40003 1418738715
40001 1418738716
40001 1418738717
40001 1418738718
40002 1418738719
40000 1418738720
40000 1418738721
40003 1418738722
40000 1418738723
40004 1418738724
40002 1418738725
40003 1418738726
40000 1418738727
40000 1418738728
40003 1418738729
40001 1418738730
40001 1418738731
40001 1418738732
40001 1418738733
40002 1418738734
40000 1418738735
40000 1418738736
40000 1418738737
40000 1418738738
40000 1418738739
40000 1418738740
40000 1418738741
40000 1418738742
40000 1418738743
40000 1418738744
40000 1418738745
40000 1418738746
40000 1418738747
40000 1418738748
40000 1418738749
40000 1418738750
40000 1418738751
40000 1418738752
40000 1418738753
40000 1418738754
40000 1418738755
40002 1418738756
40001 1418738757
40002 1418738758
40001 1418738759
40001 1418738760
40000 1418738761
40001 1418738762
40001 1418738763
40002 1418738764
40001 1418738765
40001 1418738766
40001 1418738767
40000 1418738768
40000 1418738769
40000 1418738770
40000 1418738771
40000 1418738772
40000 1418738773
40000 1418738774
40000 1418738775
40000 1418738776
40000 1418738777
40002 1418738778
40002 1418738779
40000 1418738780
40000 1418738781
40000 1418738782
