0 0
20 0
40 6
60 4
80 8
100 7
120 5
140 13
160 13
180 9
200 7
220 6
240 7
260 11
280 5
300 5
320 3
340 5
360 3
380 6
400 6
420 6
440 4
460 12
480 12
500 11
520 6
540 5
560 4
580 2
600 9
620 8
640 5
660 4
680 7
700 4
720 15
740 8
760 1
780 3
800 4
820 3
840 5
860 4
880 12
900 3
920 6
940 2
960 5
980 8
1000 3
1020 4
1040 4
1060 5
1080 6
1100 3
1120 6
1140 2
1160 5
1180 1
1200 5
1220 1
1240 4
1260 3
1280 3
1300 9
1320 3
1340 2
1360 0
1380 6
1400 7
1420 8
1440 3
1460 6
1480 1
1500 4
1520 1
1540 3
1560 5
1580 3
1600 3
1620 1
1640 5
1660 2
1680 2
1700 3
1720 2
1740 2
1760 0
1780 6
1800 7
1820 3
1840 1
1860 4
1880 2
1900 1
1920 2
1940 0
1960 1
1980 4
2000 2
2020 2
2040 5
2060 1
2080 4
2100 0
2120 2
2140 2
2160 0
2180 4
2200 2
2220 5
2240 3
2260 3
2280 2
2300 3
2320 1
2340 0
2360 4
2380 1
2400 3
2420 2
2440 2
2460 4
2480 2
2500 0
2520 1
2540 1
2560 1
2580 1
2600 2
2620 5
2640 1
2660 4
2680 3
2700 1
2720 0
2740 4
2760 1
2780 1
2800 1
2820 2
2840 1
2860 1
2880 0
2900 4
2920 3
2940 1
2960 0
2980 2
3000 1
3020 3
3040 3
3060 4
3080 0
3100 3
3120 0
3140 1
3160 2
3180 0
3200 2
3220 2
3240 2
3260 6
3280 2
3300 7
3320 0
3340 1
3360 1
3380 2
3400 1
3420 1
3440 1
3460 2
3480 1
3500 2
3520 0
3540 1
3560 2
3580 0
3600 2
3620 1
3640 4
3660 0
3680 1
3700 2
3720 0
3740 0
3760 0
3780 0
3800 0
3820 3
3840 1
3860 0
3880 5
3900 2
3920 2
3940 2
3960 0
3980 0
4000 1
4020 2
4040 0
4060 1
4080 0
4100 0
4120 1
4140 1
4160 0
4180 0
4200 3
4220 0
4240 2
4260 0
4280 2
4300 1
4320 2
4340 0
4360 3
4380 1
4400 1
4420 1
4440 0
4460 1
4480 2
4500 1
4520 0
4540 2
4560 1
4580 0
4600 2
4620 1
4640 1
4660 0
4680 1
4700 0
4720 0
4740 0
4760 0
4780 0
4800 0
4820 1
4840 0
4860 1
4880 0
4900 0
4920 2
4940 1
4960 0
4980 0
5000 0
5020 1
5040 0
5060 1
5080 0
5100 0
5120 1
5140 1
5160 0
5180 1
5200 1
5220 2
5240 0
5260 1
5280 0
5300 0
5320 0
5340 0
5360 1
5380 1
5400 1
5420 2
5440 0
5460 1
5480 0
5500 0
5520 2
5540 1
5560 0
5580 0
5600 1
5620 1
5640 1
5660 2
5680 1
5700 1
5720 1
5740 2
5760 0
5780 0
5800 0
5820 1
5840 1
5860 1
5880 0
5900 3
5920 1
5940 0
5960 0
5980 0
6000 2
6020 1
6040 0
6060 0
6080 1
6100 2
6120 0
6140 1
6160 2
6180 0
6200 0
6220 0
6240 0
6260 1
6280 1
6300 1
6320 0
6340 0
6360 1
6380 0
6400 0
6420 0
6440 0
6460 0
6480 1
6500 0
6520 0
6540 1
6560 1
6580 1
6600 1
6620 0
6640 1
6660 0
6680 0
6700 0
6720 0
6740 1
6760 0
6780 1
6800 0
6820 0
6840 0
6860 0
6880 0
6900 0
6920 0
6940 0
6960 0
6980 0
7000 0
7020 0
7040 0
7060 0
7080 0
7100 0
7120 0
7140 1
7160 1
7180 0
7200 0
7220 0
7240 1
7260 0
7280 0
7300 1
7320 1
7340 0
7360 0
7380 0
7400 0
7420 0
7440 0
7460 0
7480 0
7500 0
7520 0
7540 1
7560 0
7580 0
7600 1
7620 0
7640 0
7660 1
7680 0
7700 0
7720 1
7740 1
7760 0
7780 0
7800 1
7820 0
7840 1
7860 0
7880 1
7900 0
7920 0
7940 0
7960 0
7980 0
8000 0
8020 0
8040 1
8060 1
8080 0
8100 0
8120 0
8140 0
8160 0
8180 1
8200 1
8220 0
8240 0
8260 0
8280 0
8300 0
8320 0
8340 0
8360 0
8380 0
8400 0
8420 0
8440 0
8460 0
8480 0
8500 0
8520 0
8540 0
8560 0
8580 0
8600 0
8620 0
8640 1
8660 0
8680 0
8700 1
8720 0
8740 1
8760 0
8780 0
8800 2
8820 1
8840 0
8860 0
8880 0
8900 0
8920 0
8940 0
8960 0
8980 0
9000 0
9020 0
9040 0
9060 0
9080 0
9100 0
9120 0
9140 0
9160 0
9180 2
9200 0
9220 0
9240 0
9260 0
9280 0
9300 0
9320 0
9340 0
9360 1
9380 1
9400 0
9420 0
9440 0
9460 0
9480 0
9500 0
9520 0
9540 0
9560 0
9580 0
9600 0
9620 0
9640 0
9660 0
9680 1
9700 1
9720 0
9740 0
9760 0
9780 0
9800 1
9820 1
9840 0
9860 0
9880 0
9900 0
9920 0
9940 0
9960 0
9980 0
10000 0
10020 1
10040 0
10060 0
10080 0
10100 0
10120 0
10140 0
10160 0
10180 0
10200 1
10220 0
10240 0
10260 0
10280 0
10300 0
10320 0
10340 0
10360 0
10380 0
10400 0
10420 0
10440 0
10460 0
10480 0
10500 0
10520 0
10540 0
10560 0
10580 0
10600 0
10620 0
10640 0
10660 0
10680 1
10700 0
10720 0
10740 0
10760 0
10780 0
10800 0
10820 0
10840 0
10860 0
10880 0
10900 0
10920 0
10940 0
10960 0
10980 0
11000 0
11020 0
11040 0
11060 0
11080 0
11100 0
11120 0
11140 0
11160 0
11180 0
11200 0
11220 0
11240 0
11260 0
11280 0
11300 0
11320 0
11340 0
11360 0
11380 0
11400 1
11420 0
11440 0
11460 0
11480 0
11500 0
11520 0
11540 0
11560 0
11580 0
11600 0
11620 0
11640 0
11660 0
11680 0
11700 0
11720 0
11740 0
11760 0
11780 0
11800 0
11820 0
11840 0
11860 0
11880 0
11900 0
11920 0
11940 0
11960 1
11980 0
12000 0
12020 0
12040 0
12060 0
12080 0
12100 0
12120 0
12140 0
12160 0
12180 0
12200 0
12220 0
12240 0
12260 0
12280 0
12300 0
12320 1
12340 0
12360 0
12380 0
12400 0
12420 0
12440 0
12460 0
12480 0
12500 0
12520 0
12540 0
12560 0
12580 0
12600 0
12620 0
12640 0
12660 0
12680 0
12700 0
12720 0
12740 0
12760 0
12780 0
12800 0
12820 0
12840 0
12860 0
12880 0
12900 0
12920 0
12940 0
12960 0
12980 0
13000 0
13020 0
13040 0
13060 0
13080 0
13100 0
13120 0
13140 1
13160 0
13180 0
13200 0
13220 0
13240 0
13260 0
13280 0
13300 1
13320 0
13340 0
13360 0
13380 0
13400 0
13420 1
13440 0
13460 0
13480 0
13500 0
13520 0
13540 0
13560 0
13580 0
13600 0
13620 0
13640 0
13660 0
13680 1
13700 0
13720 0
13740 1
13760 0
13780 0
13800 0
13820 0
13840 0
13860 0
13880 0
13900 0
13920 0
13940 1
13960 0
13980 0
14000 0
14020 0
14040 0
14060 0
14080 0
14100 0
14120 0
14140 0
14160 0
14180 1
14200 0
14220 0
14240 0
14260 0
14280 0
14300 0
14320 0
14340 0
14360 0
14380 0
14400 0
14420 1
14440 0
14460 0
14480 0
14500 0
14520 0
14540 0
14560 0
14580 0
14600 0
14620 0
14640 0
14660 0
14680 0
14700 0
14720 0
14740 0
14760 0
14780 0
14800 0
14820 0
14840 0
14860 0
14880 0
14900 0
14920 0
14940 0
14960 0
14980 0
15000 1
15020 0
15040 0
15060 0
15080 0
15100 0
15120 0
15140 0
15160 0
15180 0
15200 0
15220 0
15240 0
15260 0
15280 0
15300 0
15320 0
15340 0
15360 0
15380 0
15400 0
15420 0
15440 1
15460 0
15480 0
15500 0
15520 0
15540 0
15560 0
15580 0
15600 0
15620 1
15640 0
15660 0
15680 0
15700 0
15720 0
15740 0
15760 0
15780 0
15800 0
15820 0
15840 0
15860 0
15880 0
15900 0
15920 0
15940 0
15960 0
15980 0
16000 0
16020 0
16040 0
16060 0
16080 0
16100 0
16120 0
16140 0
16160 0
16180 0
16200 0
16220 0
16240 0
16260 0
16280 0
16300 0
16320 1
16340 0
16360 0
16380 0
16400 1
16420 0
16440 0
16460 0
16480 0
16500 0
16520 0
16540 0
16560 0
16580 0
16600 0
16620 0
16640 0
16660 0
16680 0
16700 0
16720 1
16740 0
16760 0
16780 0
16800 0
16820 0
16840 0
16860 0
16880 0
16900 0
16920 0
16940 0
16960 0
16980 0
17000 0
17020 0
17040 0
17060 0
17080 1
17100 0
17120 0
17140 0
17160 0
17180 0
17200 0
17220 0
17240 0
17260 0
17280 0
17300 0
17320 0
17340 0
17360 0
17380 0
17400 0
17420 0
17440 0
17460 0
17480 0
17500 0
17520 0
17540 0
17560 0
17580 0
17600 0
17620 0
17640 0
17660 0
17680 0
17700 0
17720 0
17740 0
17760 0
17780 1
17800 0
17820 0
17840 0
17860 0
17880 1
17900 0
17920 0
17940 0
17960 0
17980 0
18000 0
18020 0
18040 0
18060 0
18080 0
