1505.000 4.533
1510.000 4.457
1515.000 4.478
1520.000 4.464
1525.000 4.491
1530.000 4.438
1535.000 4.428
1540.000 4.430
1545.000 4.418
1550.000 4.365
1555.000 4.392
1560.000 4.383
1565.000 4.331
1570.000 4.331
1575.000 4.341
1580.000 4.288
1585.000 4.318
1590.000 4.290
1595.000 4.292
1600.000 4.281
1605.000 4.281
1610.000 4.229
1615.000 4.244
1620.000 4.226
1625.000 4.249
1630.000 4.237
1635.000 4.262
1640.000 4.198
1645.000 4.210
1650.000 4.255
1655.000 4.199
1660.000 4.211
1665.000 4.225
1670.000 4.259
1675.000 4.296
1680.000 4.275
1685.000 4.358
1690.000 4.331
1695.000 4.388
1700.000 4.384
1705.000 4.516
1710.000 4.519
1715.000 4.552
1720.000 4.679
1725.000 4.746
1730.000 4.788
1735.000 4.874
1740.000 5.005
1745.000 5.100
1750.000 5.195
1755.000 5.313
1760.000 5.370
1765.000 5.542
1770.000 5.668
1775.000 5.861
1780.000 5.947
1785.000 6.117
1790.000 6.319
1795.000 6.497
1800.000 6.696
1805.000 6.910
1810.000 7.104
1815.000 7.239
1820.000 7.483
1825.000 7.719
1830.000 7.938
1835.000 8.092
1840.000 8.319
1845.000 8.500
1850.000 8.696
1855.000 8.893
1860.000 9.069
1865.000 9.209
1870.000 9.446
1875.000 9.521
1880.000 9.748
1885.000 9.826
1890.000 10.009
1895.000 10.128
1900.000 10.307
1905.000 10.374
1910.000 10.459
1915.000 10.584
1920.000 10.711
1925.000 10.678
1930.000 10.751
1935.000 10.845
1940.000 10.867
1945.000 10.940
1950.000 11.008
1955.000 11.074
1960.000 11.108
1965.000 11.187
1970.000 11.161
1975.000 11.159
1980.000 11.245
1985.000 11.251
1990.000 11.286
1995.000 11.318
2000.000 11.341
2005.000 11.382
2010.000 11.412
2015.000 11.471
2020.000 11.472
2025.000 11.468
2030.000 11.486
2035.000 11.545
2040.000 11.623
2045.000 11.610
2050.000 11.681
2055.000 11.761
2060.000 11.804
2065.000 11.859
2070.000 11.919
2075.000 11.917
2080.000 12.100
2085.000 12.041
2090.000 12.167
2095.000 12.272
2100.000 12.371
2105.000 12.431
2110.000 12.514
2115.000 12.673
2120.000 12.826
2125.000 12.952
2130.000 13.059
2135.000 13.226
2140.000 13.371
2145.000 13.609
2150.000 13.762
2155.000 13.981
2160.000 14.195
2165.000 14.440
2170.000 14.755
2175.000 15.033
2180.000 15.326
2185.000 15.701
2190.000 16.116
2195.000 16.503
2200.000 17.068
2205.000 17.576
2210.000 18.222
2215.000 18.868
2220.000 19.785
2225.000 20.675
2230.000 21.776
2235.000 23.048
2240.000 24.568
2245.000 26.592
2250.000 28.906
2255.000 31.915
2260.000 35.953
2265.000 41.307
2270.000 48.840
2275.000 59.991
2280.000 76.233
2285.000 97.544
2290.000 109.815
2295.000 88.613
2300.000 63.611
2305.000 42.152
2310.000 31.572
2315.000 24.277
2320.000 19.807
2325.000 16.284
2330.000 13.447
2335.000 11.301
2340.000 9.601
2345.000 8.224
2350.000 7.087
2355.000 6.049
2360.000 5.106
2365.000 4.406
2370.000 3.735
2375.000 3.152
2380.000 2.687
2385.000 2.323
2390.000 1.872
2395.000 1.573
2400.000 1.336
2405.000 1.187
2410.000 1.207
2415.000 1.165
2420.000 1.175
2425.000 1.217
2430.000 1.316
2435.000 1.429
2440.000 1.618
2445.000 1.788
2450.000 1.885
2455.000 1.994
2460.000 2.160
2465.000 2.267
2470.000 2.346
2475.000 2.477
2480.000 2.588
2485.000 2.686
2490.000 2.796
2495.000 2.881
2500.000 2.985
2505.000 3.070
2510.000 3.155
2515.000 3.198
2520.000 3.286
2525.000 3.321
2530.000 3.398
2535.000 3.455
2540.000 3.608
2545.000 3.670
2550.000 3.661
2555.000 3.796
2560.000 3.759
2565.000 3.811
2570.000 3.853
2575.000 3.953
2580.000 4.021
2585.000 4.066
2590.000 4.115
2595.000 4.098
2600.000 4.143
2605.000 4.227
2610.000 4.240
2615.000 4.299
2620.000 4.288
2625.000 4.348
2630.000 4.420
2635.000 4.449
2640.000 4.501
2645.000 4.486
2650.000 4.511
2655.000 4.580
2660.000 4.612
2665.000 4.645
2670.000 4.635
2675.000 4.690
2680.000 4.714
2685.000 4.732
2690.000 4.782
2695.000 4.737
2700.000 4.777
2705.000 4.822
2710.000 4.820
2715.000 4.875
2720.000 4.898
2725.000 4.897
2730.000 4.893
2735.000 4.955
2740.000 4.987
2745.000 5.034
2750.000 4.996
2755.000 4.979
2760.000 4.999
2765.000 4.988
2770.000 5.053
2775.000 5.040
2780.000 5.075
2785.000 5.039
2790.000 5.035
2795.000 5.006
2800.000 5.067
2805.000 5.023
2810.000 5.027
2815.000 4.991
2820.000 4.994
2825.000 4.979
2830.000 4.938
2835.000 4.946
2840.000 4.911
2845.000 4.851
2850.000 4.880
2855.000 4.849
2860.000 4.795
2865.000 4.771
2870.000 4.736
2875.000 4.668
2880.000 4.637
2885.000 4.610
2890.000 4.531
2895.000 4.454
2900.000 4.406
2905.000 4.372
2910.000 4.289
2915.000 4.244
2920.000 4.091
2925.000 4.007
2930.000 4.004
2935.000 3.901
2940.000 3.855
2945.000 3.713
2950.000 3.668
2955.000 3.583
2960.000 3.421
2965.000 3.401
2970.000 3.302
2975.000 3.201
2980.000 3.032
2985.000 2.961
2990.000 2.881
2995.000 2.782
3000.000 2.702
3005.000 2.565
3010.000 2.484
3015.000 2.360
3020.000 2.330
3025.000 2.196
3030.000 2.164
3035.000 2.114
3040.000 1.924
3045.000 1.809
3050.000 1.776
3055.000 1.701
3060.000 1.564
3065.000 1.506
3070.000 1.427
3075.000 1.259
3080.000 1.219
3085.000 1.207
3090.000 1.051
3095.000 1.025
3100.000 1.000
3105.000 0.859
3110.000 0.830
3115.000 0.755
3120.000 0.779
3125.000 0.620
3130.000 0.563
3135.000 0.527
3140.000 0.417
3145.000 0.415
3150.000 0.357
3155.000 0.347
3160.000 0.241
3165.000 0.204
3170.000 0.137
3175.000 0.119
3180.000 0.079
3185.000 0.098
3190.000 0.096
3195.000 0.123
3200.000 0.175
3205.000 0.240
3210.000 0.209
3215.000 0.315
3220.000 0.314
3225.000 0.386
3230.000 0.455
3235.000 0.486
3240.000 0.493
3245.000 0.562
3250.000 0.569
3255.000 0.652
3260.000 0.650
3265.000 0.694
3270.000 0.715
3275.000 0.788
3280.000 0.815
3285.000 0.866
3290.000 0.928
3295.000 0.965
3300.000 1.014
3305.000 1.047
3310.000 1.134
3315.000 1.151
3320.000 1.220
3325.000 1.231
3330.000 1.279
3335.000 1.328
3340.000 1.399
3345.000 1.465
3350.000 1.527
3355.000 1.611
3360.000 1.671
3365.000 1.759
3370.000 1.769
3375.000 1.867
3380.000 1.937
3385.000 2.016
3390.000 2.067
3395.000 2.177
3400.000 2.252
3405.000 2.389
3410.000 2.457
3415.000 2.544
3420.000 2.691
3425.000 2.760
3430.000 2.943
3435.000 3.008
3440.000 3.185
3445.000 3.262
3450.000 3.431
3455.000 3.591
3460.000 3.750
3465.000 3.885
3470.000 4.046
3475.000 4.242
3480.000 4.487
3485.000 4.682
3490.000 4.896
3495.000 5.158
3500.000 5.417
3505.000 5.607
3510.000 5.909
3515.000 6.227
3520.000 6.591
3525.000 6.929
3530.000 7.278
3535.000 7.732
3540.000 8.159
3545.000 8.622
3550.000 9.124
3555.000 9.738
3560.000 10.362
3565.000 11.000
3570.000 11.794
3575.000 12.572
3580.000 13.524
3585.000 14.505
3590.000 15.702
3595.000 17.037
3600.000 18.572
3605.000 20.362
3610.000 22.416
3615.000 24.849
3620.000 27.808
3625.000 31.335
3630.000 35.808
3635.000 41.501
3640.000 49.114
3645.000 59.334
3650.000 73.925
3655.000 95.273
3660.000 122.940
3665.000 140.264
3670.000 146.540
3675.000 147.486
3680.000 120.330
3685.000 95.651
3690.000 75.017
3695.000 60.185
3700.000 53.299
3705.000 46.780
3710.000 40.945
3715.000 37.161
3720.000 34.692
3725.000 32.047
3730.000 29.836
3735.000 27.997
3740.000 26.698
3745.000 24.987
3750.000 23.772
3755.000 22.639
3760.000 21.699
3765.000 20.843
3770.000 20.044
3775.000 19.328
3780.000 18.705
3785.000 18.099
3790.000 17.591
3795.000 17.095
3800.000 16.624
3805.000 16.223
3810.000 15.866
3815.000 15.458
3820.000 15.107
3825.000 14.802
3830.000 14.531
3835.000 14.231
3840.000 13.964
3845.000 13.752
3850.000 13.480
3855.000 13.279
3860.000 13.070
3865.000 12.847
3870.000 12.706
3875.000 12.544
3880.000 12.372
3885.000 12.156
3890.000 12.069
3895.000 11.889
3900.000 11.742
3905.000 11.572
3910.000 11.472
3915.000 11.296
3920.000 11.155
3925.000 11.061
3930.000 10.883
3935.000 10.784
3940.000 10.601
3945.000 10.458
3950.000 10.307
3955.000 10.136
3960.000 9.992
3965.000 9.781
3970.000 9.690
3975.000 9.487
3980.000 9.396
3985.000 9.270
3990.000 9.192
3995.000 9.092
4000.000 9.011
4005.000 8.975
4010.000 8.896
4015.000 8.872
4020.000 8.824
4025.000 8.796
4030.000 8.801
4035.000 8.736
4040.000 8.738
4045.000 8.708
4050.000 8.703
4055.000 8.688
4060.000 8.663
4065.000 8.648
4070.000 8.635
4075.000 8.555
4080.000 8.583
4085.000 8.554
4090.000 8.598
4095.000 8.526
4100.000 8.488
4105.000 8.537
4110.000 8.419
4115.000 8.434
4120.000 8.451
4125.000 8.384
4130.000 8.411
4135.000 8.400
4140.000 8.353
4145.000 8.346
4150.000 8.340
4155.000 8.345
4160.000 8.292
4165.000 8.289
4170.000 8.288
4175.000 8.328
4180.000 8.282
4185.000 8.251
4190.000 8.221
4195.000 8.257
4200.000 8.218
4205.000 8.253
4210.000 8.179
4215.000 8.164
4220.000 8.162
4225.000 8.165
4230.000 8.135
4235.000 8.145
4240.000 8.139
4245.000 8.131
4250.000 8.139
4255.000 8.133
4260.000 8.114
4265.000 8.119
4270.000 8.131
4275.000 8.117
4280.000 8.096
4285.000 8.097
4290.000 8.104
4295.000 8.059
4300.000 8.103
4305.000 8.043
4310.000 8.077
4315.000 8.016
4320.000 8.097
4325.000 8.026
4330.000 8.067
4335.000 8.059
4340.000 8.048
4345.000 8.069
4350.000 8.004
4355.000 8.043
4360.000 8.034
4365.000 7.987
4370.000 8.015
4375.000 8.066
4380.000 8.044
4385.000 8.046
4390.000 8.054
4395.000 8.063
4400.000 8.106
4405.000 8.072
4410.000 8.092
4415.000 8.098
4420.000 8.140
4425.000 8.113
4430.000 8.180
4435.000 8.167
4440.000 8.166
4445.000 8.208
4450.000 8.212
4455.000 8.235
4460.000 8.266
4465.000 8.292
4470.000 8.282
4475.000 8.332
4480.000 8.359
4485.000 8.388
4490.000 8.409
4495.000 8.455
4500.000 8.451
4505.000 8.483
4510.000 8.504
4515.000 8.522
4520.000 8.605
4525.000 8.616
4530.000 8.714
4535.000 8.703
4540.000 8.760
4545.000 8.823
4550.000 8.874
4555.000 8.886
4560.000 8.930
4565.000 9.009
4570.000 9.049
4575.000 9.066
4580.000 9.134
4585.000 9.204
4590.000 9.241
4595.000 9.346
4600.000 9.412
4605.000 9.487
4610.000 9.488
4615.000 9.606
4620.000 9.705
4625.000 9.772
4630.000 9.824
4635.000 9.932
4640.000 10.010
4645.000 10.112
4650.000 10.241
4655.000 10.337
4660.000 10.452
4665.000 10.553
4670.000 10.742
4675.000 10.820
4680.000 11.017
4685.000 11.120
4690.000 11.236
4695.000 11.378
4700.000 11.555
4705.000 11.731
4710.000 11.922
4715.000 12.126
4720.000 12.252
4725.000 12.503
4730.000 12.713
4735.000 12.913
4740.000 13.204
4745.000 13.460
4750.000 13.689
4755.000 13.940
4760.000 14.272
4765.000 14.590
4770.000 14.888
4775.000 15.255
4780.000 15.561
4785.000 16.002
4790.000 16.402
4795.000 16.871
4800.000 17.372
4805.000 17.829
4810.000 18.394
4815.000 18.949
4820.000 19.535
4825.000 20.172
4830.000 20.928
4835.000 21.701
4840.000 22.540
4845.000 23.471
4850.000 24.513
4855.000 25.623
4860.000 26.845
4865.000 28.182
4870.000 29.691
4875.000 31.491
4880.000 33.407
4885.000 35.698
4890.000 38.293
4895.000 41.322
4900.000 44.903
4905.000 49.159
4910.000 54.202
4915.000 60.223
4920.000 67.020
4925.000 74.835
4930.000 95.733
4935.000 139.725
4940.000 146.038
4945.000 149.128
4950.000 150.327
4955.000 148.194
4960.000 133.803
4965.000 110.098
4970.000 84.346
4975.000 68.978
4980.000 57.503
4985.000 49.695
4990.000 43.466
4995.000 38.467
5000.000 34.478
5005.000 30.592
5010.000 28.369
5015.000 26.079
5020.000 23.652
5025.000 22.247
5030.000 20.430
5035.000 19.322
5040.000 18.101
5045.000 16.838
5050.000 16.233
5055.000 15.190
5060.000 14.411
5065.000 13.811
5070.000 13.033
5075.000 12.434
5080.000 11.857
5085.000 11.405
5090.000 11.037
5095.000 10.466
5100.000 10.111
5105.000 9.701
5110.000 9.386
5115.000 9.118
5120.000 8.814
5125.000 8.527
5130.000 8.311
5135.000 8.045
5140.000 7.850
5145.000 7.622
5150.000 7.456
5155.000 7.297
5160.000 7.133
5165.000 6.949
5170.000 6.787
5175.000 6.696
5180.000 6.527
5185.000 6.403
5190.000 6.339
5195.000 6.224
5200.000 6.116
5205.000 6.039
5210.000 5.933
5215.000 5.868
5220.000 5.805
5225.000 5.718
5230.000 5.636
5235.000 5.615
5240.000 5.546
5245.000 5.490
5250.000 5.454
5255.000 5.394
5260.000 5.305
5265.000 5.272
5270.000 5.250
5275.000 5.213
5280.000 5.175
5285.000 5.180
5290.000 5.142
5295.000 5.091
5300.000 5.128
5305.000 5.081
5310.000 5.036
5315.000 5.025
5320.000 4.992
5325.000 4.975
5330.000 4.973
5335.000 4.962
5340.000 4.954
5345.000 4.912
5350.000 4.936
5355.000 4.946
5360.000 4.878
5365.000 4.907
5370.000 4.900
5375.000 4.899
5380.000 4.842
5385.000 4.880
5390.000 4.839
5395.000 4.859
5400.000 4.818
5405.000 4.864
5410.000 4.827
5415.000 4.817
5420.000 4.822
5425.000 4.848
5430.000 4.865
5435.000 4.811
5440.000 4.842
5445.000 4.793
5450.000 4.828
5455.000 4.819
5460.000 4.874
5465.000 4.777
5470.000 4.817
5475.000 4.771
5480.000 4.872
5485.000 4.829
5490.000 4.875
5495.000 4.788
5500.000 4.816
