2005.000 11.678
2010.000 11.707
2015.000 11.796
2020.000 11.727
2025.000 11.915
2030.000 11.905
2035.000 11.948
2040.000 11.923
2045.000 12.017
2050.000 12.114
2055.000 12.071
2060.000 12.144
2065.000 12.237
2070.000 12.276
2075.000 12.285
2080.000 12.386
2085.000 12.471
2090.000 12.461
2095.000 12.574
2100.000 12.651
2105.000 12.787
2110.000 12.870
2115.000 13.004
2120.000 13.073
2125.000 13.225
2130.000 13.355
2135.000 13.519
2140.000 13.695
2145.000 13.906
2150.000 14.008
2155.000 14.212
2160.000 14.446
2165.000 14.696
2170.000 14.984
2175.000 15.233
2180.000 15.496
2185.000 15.987
2190.000 16.290
2195.000 16.794
2200.000 17.295
2205.000 17.702
2210.000 18.464
2215.000 19.146
2220.000 19.839
2225.000 20.804
2230.000 21.859
2235.000 23.187
2240.000 24.762
2245.000 26.453
2250.000 28.816
2255.000 31.620
2260.000 35.457
2265.000 40.601
2270.000 47.815
2275.000 58.565
2280.000 74.086
2285.000 93.296
2290.000 102.610
2295.000 95.825
2300.000 65.209
2305.000 42.573
2310.000 31.570
2315.000 24.404
2320.000 19.492
2325.000 15.654
2330.000 13.189
2335.000 11.042
2340.000 9.268
2345.000 7.808
2350.000 6.530
2355.000 5.467
2360.000 4.658
2365.000 3.957
2370.000 3.315
2375.000 2.704
2380.000 2.364
2385.000 1.887
2390.000 1.670
2395.000 1.391
2400.000 1.152
2405.000 1.209
2410.000 1.247
2415.000 1.610
2420.000 1.452
2425.000 1.597
2430.000 1.758
2435.000 1.943
2440.000 2.081
2445.000 2.208
2450.000 2.348
2455.000 2.462
2460.000 2.605
2465.000 2.730
2470.000 2.848
2475.000 3.006
2480.000 3.053
2485.000 3.205
2490.000 3.271
2495.000 3.366
2500.000 3.431
2505.000 3.515
2510.000 3.595
2515.000 3.661
2520.000 3.705
2525.000 3.758
2530.000 3.830
2535.000 3.880
2540.000 4.018
2545.000 4.048
2550.000 4.117
2555.000 4.189
2560.000 4.212
2565.000 4.306
2570.000 4.355
2575.000 4.369
2580.000 4.490
2585.000 4.470
2590.000 4.510
2595.000 4.570
2600.000 4.632
2605.000 4.674
2610.000 4.704
2615.000 4.797
2620.000 4.818
2625.000 4.787
2630.000 4.839
2635.000 4.869
2640.000 4.923
2645.000 4.911
2650.000 4.988
2655.000 5.008
2660.000 5.067
2665.000 5.027
2670.000 5.089
2675.000 5.125
2680.000 5.166
2685.000 5.177
2690.000 5.191
2695.000 5.228
2700.000 5.198
2705.000 5.262
2710.000 5.281
2715.000 5.292
2720.000 5.319
2725.000 5.357
2730.000 5.352
2735.000 5.364
2740.000 5.386
2745.000 5.340
2750.000 5.407
2755.000 5.437
2760.000 5.391
2765.000 5.433
2770.000 5.445
2775.000 5.433
2780.000 5.453
2785.000 5.427
2790.000 5.431
2795.000 5.401
2800.000 5.371
2805.000 5.360
2810.000 5.392
2815.000 5.353
2820.000 5.354
2825.000 5.354
2830.000 5.298
2835.000 5.260
2840.000 5.285
2845.000 5.216
2850.000 5.197
2855.000 5.178
2860.000 5.080
2865.000 5.010
2870.000 5.036
2875.000 4.956
2880.000 4.940
2885.000 4.861
2890.000 4.815
2895.000 4.753
2900.000 4.656
2905.000 4.636
2910.000 4.513
2915.000 4.449
2920.000 4.376
2925.000 4.286
2930.000 4.205
2935.000 4.122
2940.000 3.977
2945.000 3.928
2950.000 3.866
2955.000 3.721
2960.000 3.684
2965.000 3.592
2970.000 3.448
2975.000 3.381
2980.000 3.228
2985.000 3.143
2990.000 3.115
2995.000 2.939
3000.000 2.794
3005.000 2.735
3010.000 2.671
3015.000 2.533
3020.000 2.435
3025.000 2.282
3030.000 2.213
3035.000 2.136
3040.000 2.077
3045.000 1.907
3050.000 1.893
3055.000 1.785
3060.000 1.722
3065.000 1.605
3070.000 1.539
3075.000 1.449
3080.000 1.423
3085.000 1.215
3090.000 1.184
3095.000 1.120
3100.000 1.093
3105.000 1.005
3110.000 0.925
3115.000 0.887
3120.000 0.881
3125.000 0.796
3130.000 0.771
3135.000 0.701
3140.000 0.640
3145.000 0.590
3150.000 0.564
3155.000 0.484
3160.000 0.517
3165.000 0.498
3170.000 0.432
3175.000 0.414
3180.000 0.414
3185.000 0.447
3190.000 0.434
3195.000 0.427
3200.000 0.414
3205.000 0.461
3210.000 0.457
3215.000 0.455
3220.000 0.472
3225.000 0.532
3230.000 0.544
3235.000 0.564
3240.000 0.588
3245.000 0.584
3250.000 0.622
3255.000 0.633
3260.000 0.669
3265.000 0.668
3270.000 0.694
3275.000 0.741
3280.000 0.787
3285.000 0.827
3290.000 0.850
3295.000 0.898
3300.000 0.917
3305.000 0.958
3310.000 1.012
3315.000 1.016
3320.000 1.084
3325.000 1.090
3330.000 1.170
3335.000 1.203
3340.000 1.261
3345.000 1.292
3350.000 1.312
3355.000 1.408
3360.000 1.449
3365.000 1.484
3370.000 1.548
3375.000 1.624
3380.000 1.708
3385.000 1.771
3390.000 1.818
3395.000 1.914
3400.000 2.002
3405.000 2.079
3410.000 2.161
3415.000 2.257
3420.000 2.354
3425.000 2.465
3430.000 2.576
3435.000 2.734
3440.000 2.856
3445.000 2.930
3450.000 3.041
3455.000 3.270
3460.000 3.399
3465.000 3.558
3470.000 3.732
3475.000 3.851
3480.000 4.075
3485.000 4.293
3490.000 4.490
3495.000 4.708
3500.000 5.000
3505.000 5.273
3510.000 5.544
3515.000 5.832
3520.000 6.214
3525.000 6.556
3530.000 6.936
3535.000 7.362
3540.000 7.766
3545.000 8.215
3550.000 8.788
3555.000 9.334
3560.000 9.935
3565.000 10.648
3570.000 11.383
3575.000 12.215
3580.000 13.151
3585.000 14.230
3590.000 15.380
3595.000 16.765
3600.000 18.251
3605.000 20.045
3610.000 22.138
3615.000 24.651
3620.000 27.639
3625.000 31.299
3630.000 35.800
3635.000 41.716
3640.000 49.399
3645.000 59.994
3650.000 75.067
3655.000 96.942
3660.000 124.451
3665.000 141.066
3670.000 147.094
3675.000 146.508
3680.000 124.300
3685.000 93.022
3690.000 73.322
3695.000 61.049
3700.000 52.472
3705.000 46.283
3710.000 41.457
3715.000 37.641
3720.000 34.531
3725.000 31.959
3730.000 29.961
3735.000 28.109
3740.000 26.491
3745.000 25.157
3750.000 23.925
3755.000 22.855
3760.000 21.959
3765.000 21.067
3770.000 20.289
3775.000 19.613
3780.000 18.979
3785.000 18.422
3790.000 17.882
3795.000 17.379
3800.000 16.945
3805.000 16.533
3810.000 16.111
3815.000 15.779
3820.000 15.474
3825.000 15.144
3830.000 14.839
3835.000 14.628
3840.000 14.390
3845.000 14.131
3850.000 13.907
3855.000 13.727
3860.000 13.478
3865.000 13.273
3870.000 13.113
3875.000 12.936
3880.000 12.729
3885.000 12.600
3890.000 12.484
3895.000 12.294
3900.000 12.105
3905.000 12.026
3910.000 11.864
3915.000 11.765
3920.000 11.630
3925.000 11.429
3930.000 11.351
3935.000 11.166
3940.000 11.024
3945.000 10.922
3950.000 10.723
3955.000 10.565
3960.000 10.424
3965.000 10.268
3970.000 10.127
3975.000 9.945
3980.000 9.843
3985.000 9.705
3990.000 9.596
3995.000 9.524
4000.000 9.456
4005.000 9.394
4010.000 9.304
4015.000 9.278
4020.000 9.278
4025.000 9.222
4030.000 9.218
4035.000 9.131
4040.000 9.142
4045.000 9.106
4050.000 9.116
4055.000 9.078
4060.000 9.043
4065.000 9.018
4070.000 9.017
4075.000 9.016
4080.000 8.951
4085.000 9.000
4090.000 8.942
4095.000 8.973
4100.000 8.919
4105.000 8.877
4110.000 8.867
4115.000 8.864
4120.000 8.835
4125.000 8.797
4130.000 8.791
4135.000 8.780
4140.000 8.797
4145.000 8.772
4150.000 8.747
4155.000 8.746
4160.000 8.696
4165.000 8.742
4170.000 8.684
4175.000 8.694
4180.000 8.691
4185.000 8.649
4190.000 8.625
4195.000 8.632
4200.000 8.646
4205.000 8.613
4210.000 8.597
4215.000 8.600
4220.000 8.576
4225.000 8.614
4230.000 8.618
4235.000 8.566
4240.000 8.563
4245.000 8.573
4250.000 8.547
4255.000 8.562
4260.000 8.536
4265.000 8.531
4270.000 8.511
4275.000 8.517
4280.000 8.517
4285.000 8.523
4290.000 8.494
4295.000 8.482
4300.000 8.506
4305.000 8.489
4310.000 8.506
4315.000 8.511
4320.000 8.451
4325.000 8.490
4330.000 8.498
4335.000 8.476
4340.000 8.460
4345.000 8.463
4350.000 8.453
4355.000 8.458
4360.000 8.448
4365.000 8.453
4370.000 8.488
4375.000 8.501
4380.000 8.480
4385.000 8.493
4390.000 8.424
4395.000 8.488
4400.000 8.475
4405.000 8.477
4410.000 8.507
4415.000 8.551
4420.000 8.518
4425.000 8.589
4430.000 8.574
4435.000 8.605
4440.000 8.590
4445.000 8.630
4450.000 8.629
4455.000 8.648
4460.000 8.659
4465.000 8.711
4470.000 8.731
4475.000 8.770
4480.000 8.775
4485.000 8.805
4490.000 8.813
4495.000 8.858
4500.000 8.906
4505.000 8.929
4510.000 8.968
4515.000 8.971
4520.000 9.048
4525.000 9.109
4530.000 9.088
4535.000 9.143
4540.000 9.183
4545.000 9.212
4550.000 9.326
4555.000 9.345
4560.000 9.356
4565.000 9.434
4570.000 9.509
4575.000 9.521
4580.000 9.594
4585.000 9.638
4590.000 9.752
4595.000 9.786
4600.000 9.859
4605.000 9.917
4610.000 10.013
4615.000 10.045
4620.000 10.126
4625.000 10.227
4630.000 10.357
4635.000 10.422
4640.000 10.521
4645.000 10.618
4650.000 10.723
4655.000 10.839
4660.000 10.922
4665.000 11.044
4670.000 11.192
4675.000 11.317
4680.000 11.472
4685.000 11.585
4690.000 11.777
4695.000 11.875
4700.000 12.039
4705.000 12.225
4710.000 12.433
4715.000 12.554
4720.000 12.726
4725.000 12.951
4730.000 13.173
4735.000 13.387
4740.000 13.624
4745.000 13.884
4750.000 14.161
4755.000 14.393
4760.000 14.697
4765.000 14.980
4770.000 15.342
4775.000 15.670
4780.000 16.100
4785.000 16.454
4790.000 16.828
4795.000 17.357
4800.000 17.834
4805.000 18.205
4810.000 18.749
4815.000 19.421
4820.000 20.081
4825.000 20.596
4830.000 21.446
4835.000 22.249
4840.000 22.881
4845.000 24.037
4850.000 25.048
4855.000 26.201
4860.000 27.188
4865.000 28.887
4870.000 30.470
4875.000 32.271
4880.000 34.263
4885.000 36.577
4890.000 39.278
4895.000 42.425
4900.000 46.138
4905.000 50.577
4910.000 55.778
4915.000 61.690
4920.000 68.207
4925.000 78.407
4930.000 118.887
4935.000 144.904
4940.000 144.726
4945.000 150.039
4950.000 150.480
4955.000 144.983
4960.000 123.702
4965.000 96.572
4970.000 76.802
4975.000 63.483
4980.000 53.638
4985.000 46.444
4990.000 40.846
4995.000 36.386
5000.000 32.640
5005.000 29.588
5010.000 27.040
5015.000 24.817
5020.000 22.861
5025.000 21.258
5030.000 19.766
5035.000 18.454
5040.000 17.361
5045.000 16.330
5050.000 15.371
5055.000 14.536
5060.000 13.832
5065.000 13.124
5070.000 12.506
5075.000 11.940
5080.000 11.458
5085.000 10.963
5090.000 10.519
5095.000 10.117
5100.000 9.730
5105.000 9.374
5110.000 9.099
5115.000 8.803
5120.000 8.568
5125.000 8.306
5130.000 8.006
5135.000 7.835
5140.000 7.603
5145.000 7.420
5150.000 7.297
5155.000 7.116
5160.000 6.997
5165.000 6.838
5170.000 6.709
5175.000 6.602
5180.000 6.477
5185.000 6.408
5190.000 6.281
5195.000 6.175
5200.000 6.124
5205.000 6.025
5210.000 5.951
5215.000 5.891
5220.000 5.826
5225.000 5.757
5230.000 5.727
5235.000 5.635
5240.000 5.578
5245.000 5.537
5250.000 5.476
5255.000 5.452
5260.000 5.402
5265.000 5.431
5270.000 5.363
5275.000 5.353
5280.000 5.327
5285.000 5.267
5290.000 5.242
5295.000 5.249
5300.000 5.222
5305.000 5.219
5310.000 5.193
5315.000 5.197
5320.000 5.192
5325.000 5.156
5330.000 5.175
5335.000 5.144
5340.000 5.127
5345.000 5.104
5350.000 5.084
5355.000 5.122
5360.000 5.123
5365.000 5.094
5370.000 5.064
5375.000 5.055
5380.000 5.052
5385.000 5.081
5390.000 5.058
5395.000 5.081
5400.000 5.065
5405.000 5.091
5410.000 5.113
5415.000 5.094
5420.000 5.083
5425.000 5.073
5430.000 5.112
5435.000 5.108
5440.000 5.035
5445.000 5.069
5450.000 5.071
5455.000 5.124
5460.000 5.076
5465.000 5.089
5470.000 5.075
5475.000 5.121
5480.000 5.081
5485.000 5.067
5490.000 5.111
5495.000 5.094
5500.000 5.111
5505.000 5.144
5510.000 5.131
5515.000 5.135
5520.000 5.096
5525.000 5.178
5530.000 5.126
5535.000 5.151
5540.000 5.132
5545.000 5.172
5550.000 5.147
5555.000 5.133
5560.000 5.206
5565.000 5.191
5570.000 5.199
5575.000 5.196
5580.000 5.179
5585.000 5.184
5590.000 5.186
5595.000 5.228
5600.000 5.252
5605.000 5.236
5610.000 5.248
5615.000 5.260
5620.000 5.270
5625.000 5.310
5630.000 5.276
5635.000 5.327
5640.000 5.315
5645.000 5.320
5650.000 5.299
5655.000 5.323
5660.000 5.377
5665.000 5.351
5670.000 5.403
5675.000 5.402
5680.000 5.416
5685.000 5.461
5690.000 5.441
5695.000 5.463
5700.000 5.497
5705.000 5.470
5710.000 5.477
5715.000 5.532
5720.000 5.495
5725.000 5.592
5730.000 5.570
5735.000 5.597
5740.000 5.613
5745.000 5.659
5750.000 5.689
5755.000 5.691
5760.000 5.708
5765.000 5.736
5770.000 5.763
5775.000 5.796
5780.000 5.779
5785.000 5.819
5790.000 5.902
5795.000 5.904
5800.000 5.957
5805.000 5.954
5810.000 6.009
5815.000 6.010
5820.000 6.064
5825.000 6.084
5830.000 6.180
5835.000 6.198
5840.000 6.202
5845.000 6.263
5850.000 6.330
5855.000 6.410
5860.000 6.480
5865.000 6.499
5870.000 6.555
5875.000 6.611
5880.000 6.676
5885.000 6.738
5890.000 6.819
5895.000 6.911
5900.000 6.979
5905.000 7.042
5910.000 7.159
5915.000 7.225
5920.000 7.341
5925.000 7.437
5930.000 7.525
5935.000 7.635
5940.000 7.773
5945.000 7.892
5950.000 8.001
5955.000 8.140
5960.000 8.284
5965.000 8.431
5970.000 8.556
5975.000 8.731
5980.000 8.920
5985.000 9.117
5990.000 9.280
5995.000 9.489
6000.000 9.723
6005.000 9.959
6010.000 10.211
6015.000 10.456
6020.000 10.718
6025.000 11.015
6030.000 11.323
6035.000 11.600
6040.000 11.927
6045.000 12.383
6050.000 12.765
6055.000 13.216
6060.000 13.680
6065.000 14.221
6070.000 14.838
6075.000 15.466
6080.000 16.163
6085.000 16.922
6090.000 17.772
6095.000 18.794
6100.000 20.072
6105.000 21.079
6110.000 22.499
6115.000 24.123
6120.000 26.058
6125.000 28.706
6130.000 30.909
6135.000 34.099
6140.000 38.955
6145.000 43.003
6150.000 50.691
6155.000 59.578
6160.000 68.803
6165.000 87.636
6170.000 104.319
6175.000 124.111
6180.000 134.932
6185.000 131.098
6190.000 111.063
6195.000 87.438
6200.000 70.372
6205.000 58.640
6210.000 50.307
6215.000 44.249
6220.000 39.608
6225.000 36.059
6230.000 33.286
6235.000 31.050
6240.000 29.141
6245.000 27.618
6250.000 26.213
6255.000 25.062
6260.000 23.978
6265.000 23.033
6270.000 22.171
6275.000 21.384
6280.000 20.621
6285.000 19.933
6290.000 19.304
6295.000 18.702
6300.000 18.172
6305.000 17.667
6310.000 17.204
6315.000 16.771
6320.000 16.360
6325.000 16.002
6330.000 15.670
6335.000 15.351
6340.000 15.033
6345.000 14.807
6350.000 14.503
6355.000 14.265
6360.000 14.029
6365.000 13.866
6370.000 13.659
6375.000 13.508
6380.000 13.339
6385.000 13.188
6390.000 13.108
6395.000 12.986
6400.000 12.911
6405.000 12.818
6410.000 12.745
6415.000 12.680
6420.000 12.622
6425.000 12.632
6430.000 12.638
6435.000 12.690
6440.000 12.706
6445.000 12.781
6450.000 12.877
6455.000 13.076
6460.000 13.211
6465.000 13.512
6470.000 13.857
6475.000 14.220
6480.000 14.838
6485.000 15.682
6490.000 16.897
6495.000 18.740
6500.000 21.683
6505.000 26.730
6510.000 35.433
6515.000 47.327
6520.000 51.001
6525.000 25.136
6530.000 8.636
6535.000 5.541
6540.000 5.458
6545.000 5.282
6550.000 5.358
6555.000 5.527
6560.000 5.702
6565.000 5.860
6570.000 6.045
6575.000 6.162
6580.000 6.282
6585.000 6.358
6590.000 6.454
6595.000 6.489
6600.000 6.599
6605.000 6.656
6610.000 6.687
6615.000 6.718
6620.000 6.710
6625.000 6.781
6630.000 6.810
6635.000 6.863
6640.000 6.843
6645.000 6.871
6650.000 6.884
6655.000 6.910
6660.000 6.899
6665.000 6.950
6670.000 6.902
6675.000 6.911
6680.000 6.902
6685.000 6.949
6690.000 6.998
6695.000 6.957
6700.000 6.947
6705.000 6.974
6710.000 6.989
6715.000 6.976
6720.000 6.965
6725.000 7.016
6730.000 6.981
6735.000 6.999
6740.000 6.997
6745.000 6.985
6750.000 7.010
6755.000 6.981
6760.000 7.037
6765.000 6.988
6770.000 6.962
6775.000 6.951
6780.000 6.993
6785.000 7.040
6790.000 6.999
6795.000 7.018
6800.000 7.019
6805.000 7.036
6810.000 7.035
6815.000 7.006
6820.000 7.059
6825.000 7.071
6830.000 7.071
6835.000 7.083
6840.000 7.033
6845.000 7.050
6850.000 7.092
6855.000 7.063
6860.000 7.093
6865.000 7.085
6870.000 7.095
6875.000 7.105
6880.000 7.099
6885.000 7.112
6890.000 7.114
6895.000 7.155
6900.000 7.150
6905.000 7.178
6910.000 7.187
6915.000 7.170
6920.000 7.207
6925.000 7.209
6930.000 7.192
6935.000 7.210
6940.000 7.213
6945.000 7.228
6950.000 7.267
6955.000 7.289
6960.000 7.301
6965.000 7.275
6970.000 7.321
6975.000 7.307
6980.000 7.393
6985.000 7.384
6990.000 7.427
6995.000 7.439
7000.000 7.416
