10.000 0.330
20.000 0.738
30.000 1.933
40.000 2.454
50.000 2.770
60.000 3.316
70.000 3.422
80.000 3.212
90.000 3.466
100.000 3.495
110.000 3.443
120.000 4.044
130.000 3.465
140.000 3.331
150.000 4.231
160.000 3.848
170.000 3.643
180.000 3.909
190.000 3.767
200.000 3.928
210.000 3.873
220.000 3.949
230.000 4.037
240.000 3.809
250.000 3.841
260.000 3.947
270.000 3.672
280.000 3.564
290.000 3.839
300.000 3.634
310.000 3.653
320.000 3.572
330.000 3.544
340.000 3.483
350.000 3.323
360.000 3.407
370.000 3.325
380.000 3.322
390.000 3.598
400.000 3.904
410.000 4.445
420.000 5.158
430.000 6.106
440.000 7.013
450.000 7.896
460.000 8.430
470.000 8.639
480.000 8.621
490.000 8.443
500.000 8.248
510.000 8.067
520.000 7.865
530.000 7.661
540.000 7.461
550.000 7.303
560.000 7.241
570.000 7.100
580.000 7.042
590.000 6.900
600.000 6.926
610.000 6.877
620.000 6.728
630.000 6.612
640.000 6.637
650.000 6.542
660.000 6.545
670.000 6.498
680.000 6.371
690.000 6.406
700.000 6.330
710.000 6.395
720.000 6.379
730.000 6.331
740.000 6.267
750.000 6.258
760.000 6.252
770.000 6.146
780.000 6.153
790.000 6.208
800.000 6.169
810.000 6.123
820.000 6.147
830.000 6.177
840.000 6.079
850.000 6.127
860.000 6.081
870.000 6.072
880.000 6.076
890.000 6.051
900.000 5.990
910.000 6.028
920.000 6.070
930.000 6.045
940.000 5.999
950.000 5.969
960.000 5.971
970.000 6.010
980.000 5.937
990.000 5.936
1000.000 5.975
1010.000 5.926
1020.000 5.914
1030.000 5.967
1040.000 5.875
1050.000 5.868
1060.000 5.887
1070.000 5.900
1080.000 5.894
1090.000 5.895
1100.000 5.831
1110.000 5.866
1120.000 5.903
1130.000 5.868
1140.000 5.804
1150.000 5.833
1160.000 5.797
1170.000 5.813
1180.000 5.828
1190.000 5.788
1200.000 5.743
1210.000 5.752
1220.000 5.706
1230.000 5.665
1240.000 5.668
1250.000 5.649
1260.000 5.602
1270.000 5.620
1280.000 5.558
1290.000 5.559
1300.000 5.602
1310.000 5.516
1320.000 5.509
1330.000 5.505
1340.000 5.481
1350.000 5.501
1360.000 5.461
1370.000 5.460
1380.000 5.422
1390.000 5.434
1400.000 5.400
1410.000 5.427
1420.000 5.380
1430.000 5.336
1440.000 5.347
1450.000 5.337
1460.000 5.338
1470.000 5.275
1480.000 5.246
1490.000 5.216
1500.000 5.200
1510.000 5.205
1520.000 5.127
1530.000 5.135
1540.000 5.112
1550.000 5.070
1560.000 5.029
1570.000 5.059
1580.000 5.035
1590.000 4.971
1600.000 4.932
1610.000 4.974
1620.000 4.972
1630.000 4.859
1640.000 4.873
1650.000 4.852
1660.000 4.910
1670.000 4.906
1680.000 4.973
1690.000 4.954
1700.000 5.025
1710.000 5.100
1720.000 5.184
1730.000 5.284
1740.000 5.437
1750.000 5.667
1760.000 5.853
1770.000 6.093
1780.000 6.398
1790.000 6.719
1800.000 7.056
1810.000 7.430
1820.000 7.879
1830.000 8.274
1840.000 8.717
1850.000 9.126
1860.000 9.492
1870.000 9.898
1880.000 10.147
1890.000 10.460
1900.000 10.809
1910.000 10.975
1920.000 11.246
1930.000 11.418
1940.000 11.549
1950.000 11.681
1960.000 11.779
1970.000 11.834
1980.000 11.873
1990.000 11.964
2000.000 12.023
2010.000 12.111
2020.000 12.125
2030.000 12.213
2040.000 12.271
2050.000 12.396
2060.000 12.474
2070.000 12.637
2080.000 12.732
2090.000 12.870
2100.000 13.057
2110.000 13.241
2120.000 13.446
2130.000 13.690
2140.000 14.048
2150.000 14.399
2160.000 14.894
2170.000 15.277
2180.000 15.880
2190.000 16.607
2200.000 17.591
2210.000 18.709
2220.000 20.071
2230.000 22.013
2240.000 24.775
2250.000 28.712
2260.000 35.101
2270.000 46.017
2280.000 66.884
2290.000 96.777
2300.000 81.518
2310.000 30.651
2320.000 20.698
2330.000 13.663
2340.000 9.533
2350.000 6.745
2360.000 4.662
2370.000 3.426
2380.000 2.370
2390.000 1.975
2400.000 1.308
2410.000 1.402
2420.000 1.525
2430.000 1.835
2440.000 2.102
2450.000 2.419
2460.000 2.749
2470.000 3.013
2480.000 3.214
2490.000 3.393
2500.000 3.647
2510.000 3.786
2520.000 3.913
2530.000 4.079
2540.000 4.216
2550.000 4.316
2560.000 4.424
2570.000 4.496
2580.000 4.617
2590.000 4.703
2600.000 4.776
2610.000 4.938
2620.000 4.958
2630.000 5.042
2640.000 5.114
2650.000 5.189
2660.000 5.247
2670.000 5.278
2680.000 5.407
2690.000 5.437
2700.000 5.494
2710.000 5.480
2720.000 5.586
2730.000 5.568
2740.000 5.603
2750.000 5.604
2760.000 5.658
2770.000 5.660
2780.000 5.668
2790.000 5.644
2800.000 5.642
2810.000 5.640
2820.000 5.590
2830.000 5.568
2840.000 5.486
2850.000 5.376
2860.000 5.357
2870.000 5.248
2880.000 5.165
2890.000 5.026
2900.000 4.803
2910.000 4.728
2920.000 4.593
2930.000 4.447
2940.000 4.220
2950.000 4.039
2960.000 3.841
2970.000 3.606
2980.000 3.386
2990.000 3.217
3000.000 2.989
3010.000 2.805
3020.000 2.608
3030.000 2.388
3040.000 2.249
3050.000 2.007
3060.000 1.822
3070.000 1.720
3080.000 1.540
3090.000 1.384
3100.000 1.259
3110.000 1.201
3120.000 1.086
3130.000 0.960
3140.000 0.858
3150.000 0.847
3160.000 0.761
3170.000 0.729
3180.000 0.669
3190.000 0.652
3200.000 0.642
3210.000 0.651
3220.000 0.648
3230.000 0.681
3240.000 0.688
3250.000 0.755
3260.000 0.755
3270.000 0.780
3280.000 0.809
3290.000 0.864
3300.000 0.903
3310.000 0.964
3320.000 1.005
3330.000 1.109
3340.000 1.129
3350.000 1.272
3360.000 1.348
3370.000 1.469
3380.000 1.585
3390.000 1.737
3400.000 1.856
3410.000 2.005
3420.000 2.162
3430.000 2.421
3440.000 2.640
3450.000 2.899
3460.000 3.227
3470.000 3.485
3480.000 3.881
3490.000 4.292
3500.000 4.779
3510.000 5.314
3520.000 5.916
3530.000 6.660
3540.000 7.474
3550.000 8.496
3560.000 9.623
3570.000 11.058
3580.000 12.779
3590.000 14.953
3600.000 17.809
3610.000 21.528
3620.000 26.795
3630.000 34.643
3640.000 47.316
3650.000 70.230
3660.000 113.934
3670.000 143.392
3680.000 143.881
3690.000 72.889
3700.000 54.826
3710.000 42.264
3720.000 35.155
3730.000 30.360
3740.000 26.910
3750.000 24.273
3760.000 22.222
3770.000 20.558
3780.000 19.267
3790.000 18.167
3800.000 17.187
3810.000 16.403
3820.000 15.750
3830.000 15.143
3840.000 14.615
3850.000 14.112
3860.000 13.666
3870.000 13.304
3880.000 12.959
3890.000 12.643
3900.000 12.386
3910.000 12.080
3920.000 11.841
3930.000 11.553
3940.000 11.261
3950.000 11.024
3960.000 10.663
3970.000 10.403
3980.000 10.122
3990.000 9.848
4000.000 9.689
4010.000 9.562
4020.000 9.475
4030.000 9.402
4040.000 9.360
4050.000 9.352
4060.000 9.272
4070.000 9.261
4080.000 9.223
4090.000 9.155
4100.000 9.185
4110.000 9.081
4120.000 9.100
4130.000 9.016
4140.000 9.019
4150.000 9.006
4160.000 8.963
4170.000 8.944
4180.000 8.893
4190.000 8.883
4200.000 8.856
4210.000 8.830
4220.000 8.826
4230.000 8.816
4240.000 8.812
4250.000 8.792
4260.000 8.759
4270.000 8.789
4280.000 8.754
4290.000 8.726
4300.000 8.740
4310.000 8.728
4320.000 8.726
4330.000 8.706
4340.000 8.685
4350.000 8.701
4360.000 8.666
4370.000 8.730
4380.000 8.691
4390.000 8.697
4400.000 8.734
4410.000 8.765
4420.000 8.755
4430.000 8.798
4440.000 8.797
4450.000 8.896
4460.000 8.895
4470.000 8.931
4480.000 8.990
4490.000 9.076
4500.000 9.112
4510.000 9.158
4520.000 9.224
4530.000 9.312
4540.000 9.393
4550.000 9.471
4560.000 9.546
4570.000 9.693
4580.000 9.827
4590.000 9.870
4600.000 10.023
4610.000 10.186
4620.000 10.326
4630.000 10.518
4640.000 10.635
4650.000 10.867
4660.000 11.140
4670.000 11.376
4680.000 11.631
4690.000 11.918
4700.000 12.191
4710.000 12.579
4720.000 12.969
4730.000 13.366
4740.000 13.830
4750.000 14.363
4760.000 14.967
4770.000 15.547
4780.000 16.308
4790.000 17.114
4800.000 18.067
4810.000 19.098
4820.000 20.258
4830.000 21.716
4840.000 23.360
4850.000 25.318
4860.000 27.677
4870.000 30.641
4880.000 34.406
4890.000 39.379
4900.000 46.169
4910.000 55.700
4920.000 69.339
4930.000 101.852
4940.000 146.785
4950.000 149.616
4960.000 141.296
4970.000 83.223
4980.000 55.598
4990.000 42.112
5000.000 32.696
5010.000 27.122
5020.000 22.982
5030.000 19.235
5040.000 17.325
5050.000 15.356
5060.000 13.787
5070.000 12.472
5080.000 11.584
5090.000 10.610
5100.000 9.709
5110.000 9.137
5120.000 8.635
5130.000 8.025
5140.000 7.583
5150.000 7.297
5160.000 6.933
5170.000 6.668
5180.000 6.468
5190.000 6.281
5200.000 6.093
5210.000 5.966
5220.000 5.847
5230.000 5.718
5240.000 5.617
5250.000 5.558
5260.000 5.496
5270.000 5.465
5280.000 5.401
5290.000 5.368
5300.000 5.291
5310.000 5.314
5320.000 5.267
5330.000 5.263
5340.000 5.265
5350.000 5.229
5360.000 5.205
5370.000 5.196
5380.000 5.219
5390.000 5.233
5400.000 5.218
5410.000 5.193
5420.000 5.211
5430.000 5.230
5440.000 5.219
5450.000 5.216
5460.000 5.228
5470.000 5.258
5480.000 5.202
5490.000 5.243
5500.000 5.261
5510.000 5.267
5520.000 5.271
5530.000 5.307
5540.000 5.294
5550.000 5.330
5560.000 5.316
5570.000 5.346
5580.000 5.361
5590.000 5.390
5600.000 5.403
5610.000 5.426
5620.000 5.433
5630.000 5.436
5640.000 5.477
5650.000 5.486
5660.000 5.508
5670.000 5.559
5680.000 5.586
5690.000 5.570
5700.000 5.627
5710.000 5.666
5720.000 5.689
5730.000 5.750
5740.000 5.740
5750.000 5.811
5760.000 5.854
5770.000 5.893
5780.000 5.956
5790.000 6.005
5800.000 6.071
5810.000 6.118
5820.000 6.235
5830.000 6.291
5840.000 6.371
5850.000 6.464
5860.000 6.546
5870.000 6.661
5880.000 6.807
5890.000 6.940
5900.000 7.089
5910.000 7.227
5920.000 7.449
5930.000 7.625
5940.000 7.848
5950.000 8.093
5960.000 8.384
5970.000 8.577
5980.000 8.924
5990.000 9.312
6000.000 9.700
6010.000 10.224
6020.000 10.777
6030.000 11.221
6040.000 12.015
6050.000 12.823
6060.000 13.740
6070.000 14.839
6080.000 16.184
6090.000 17.806
6100.000 19.424
6110.000 22.595
6120.000 26.076
6130.000 30.998
6140.000 38.183
6150.000 49.420
6160.000 68.379
6170.000 101.004
6180.000 132.253
6190.000 125.239
6200.000 72.910
6210.000 51.358
6220.000 40.100
6230.000 33.587
6240.000 29.396
6250.000 26.452
6260.000 24.203
6270.000 22.374
6280.000 20.818
6290.000 19.492
6300.000 18.374
6310.000 17.373
6320.000 16.546
6330.000 15.787
6340.000 15.196
6350.000 14.699
6360.000 14.218
6370.000 13.843
6380.000 13.508
6390.000 13.281
6400.000 13.033
6410.000 12.865
6420.000 12.846
6430.000 12.769
6440.000 12.846
6450.000 13.004
6460.000 13.369
6470.000 13.965
6480.000 15.007
6490.000 17.146
6500.000 21.748
6510.000 32.293
6520.000 44.219
6530.000 17.356
6540.000 6.056
6550.000 6.232
6560.000 6.052
6570.000 6.215
6580.000 6.409
6590.000 6.682
6600.000 6.798
6610.000 6.842
6620.000 6.962
6630.000 6.981
6640.000 7.077
6650.000 7.081
6660.000 7.106
6670.000 7.141
6680.000 7.166
6690.000 7.178
6700.000 7.185
6710.000 7.199
6720.000 7.213
6730.000 7.195
6740.000 7.226
6750.000 7.220
6760.000 7.229
6770.000 7.230
6780.000 7.247
6790.000 7.250
6800.000 7.259
6810.000 7.253
6820.000 7.277
6830.000 7.273
6840.000 7.295
6850.000 7.302
6860.000 7.301
6870.000 7.321
6880.000 7.312
6890.000 7.332
6900.000 7.331
6910.000 7.404
6920.000 7.383
6930.000 7.426
6940.000 7.458
6950.000 7.486
6960.000 7.501
6970.000 7.544
6980.000 7.565
6990.000 7.609
7000.000 7.639
7010.000 7.702
7020.000 7.728
7030.000 7.788
7040.000 7.834
7050.000 7.944
7060.000 8.013
7070.000 8.064
7080.000 8.176
7090.000 8.258
7100.000 8.388
7110.000 8.485
7120.000 8.636
7130.000 8.795
7140.000 8.938
7150.000 9.098
7160.000 9.319
7170.000 9.528
7180.000 9.791
7190.000 10.091
7200.000 10.400
7210.000 10.763
7220.000 11.198
7230.000 11.699
7240.000 12.280
7250.000 12.964
7260.000 13.732
7270.000 14.699
7280.000 15.837
7290.000 17.318
7300.000 19.073
7310.000 21.369
7320.000 24.376
7330.000 28.441
7340.000 34.127
7350.000 42.574
7360.000 55.751
7370.000 76.230
7380.000 102.595
7390.000 111.271
7400.000 78.266
7410.000 53.860
7420.000 42.396
7430.000 34.256
7440.000 28.590
7450.000 24.675
7460.000 21.837
7470.000 19.705
7480.000 17.987
7490.000 16.602
7500.000 15.527
7510.000 14.589
7520.000 13.771
7530.000 13.154
7540.000 12.612
7550.000 12.107
7560.000 11.699
7570.000 11.335
7580.000 11.021
7590.000 10.733
7600.000 10.476
7610.000 10.265
7620.000 10.076
7630.000 9.901
7640.000 9.754
7650.000 9.614
7660.000 9.506
7670.000 9.387
7680.000 9.307
7690.000 9.211
7700.000 9.157
7710.000 9.099
7720.000 9.070
7730.000 9.044
7740.000 9.006
7750.000 8.968
7760.000 8.949
7770.000 8.935
7780.000 8.948
7790.000 8.982
7800.000 8.951
7810.000 9.009
7820.000 9.046
7830.000 9.154
7840.000 9.202
7850.000 9.329
7860.000 9.396
7870.000 9.548
7880.000 9.725
7890.000 9.908
7900.000 10.211
7910.000 10.552
7920.000 11.059
7930.000 11.671
7940.000 12.625
7950.000 14.008
7960.000 16.461
7970.000 21.265
7980.000 31.807
7990.000 50.888
8000.000 45.221
8010.000 7.179
8020.000 5.285
8030.000 6.349
8040.000 5.728
8050.000 6.018
8060.000 6.015
8070.000 6.110
8080.000 6.230
8090.000 6.385
8100.000 6.490
8110.000 6.592
8120.000 6.750
8130.000 6.874
8140.000 6.964
8150.000 7.053
8160.000 7.187
8170.000 7.294
8180.000 7.404
8190.000 7.509
8200.000 7.641
8210.000 7.731
8220.000 7.818
8230.000 7.978
8240.000 8.113
8250.000 8.260
8260.000 8.427
8270.000 8.559
8280.000 8.732
8290.000 8.915
8300.000 9.114
8310.000 9.343
8320.000 9.559
8330.000 9.803
8340.000 10.051
8350.000 10.404
8360.000 10.747
8370.000 11.142
8380.000 11.557
8390.000 12.110
8400.000 12.707
8410.000 13.404
8420.000 14.284
8430.000 15.367
8440.000 16.902
8450.000 19.225
8460.000 23.244
8470.000 26.644
8480.000 9.205
8490.000 17.375
8500.000 21.024
8510.000 24.914
8520.000 29.837
8530.000 36.303
8540.000 45.553
8550.000 62.185
8560.000 76.501
8570.000 90.197
8580.000 76.486
8590.000 62.326
8600.000 44.956
8610.000 39.655
8620.000 34.155
8630.000 26.570
8640.000 23.321
8650.000 19.756
8660.000 17.609
8670.000 16.215
8680.000 14.552
8690.000 13.433
8700.000 12.499
8710.000 11.715
8720.000 11.164
8730.000 10.492
8740.000 9.978
8750.000 9.537
8760.000 9.186
8770.000 8.857
8780.000 8.566
8790.000 8.295
8800.000 8.037
8810.000 7.818
8820.000 7.663
8830.000 7.509
8840.000 7.340
8850.000 7.205
8860.000 7.082
8870.000 6.986
8880.000 6.867
8890.000 6.755
8900.000 6.693
8910.000 6.575
8920.000 6.509
8930.000 6.482
8940.000 6.377
8950.000 6.318
8960.000 6.270
8970.000 6.248
8980.000 6.174
8990.000 6.154
9000.000 6.108
9010.000 6.082
9020.000 6.058
9030.000 6.023
9040.000 6.016
9050.000 5.985
9060.000 5.934
9070.000 5.933
9080.000 5.912
9090.000 5.893
9100.000 5.905
9110.000 5.879
9120.000 5.893
9130.000 5.865
9140.000 5.864
9150.000 5.844
9160.000 5.888
9170.000 5.879
9180.000 5.887
9190.000 5.930
9200.000 5.936
9210.000 5.939
9220.000 6.015
9230.000 6.004
9240.000 6.108
9250.000 6.166
9260.000 6.254
9270.000 6.333
9280.000 6.478
9290.000 6.618
9300.000 6.827
9310.000 7.061
9320.000 7.398
9330.000 7.847
9340.000 8.420
9350.000 9.237
9360.000 10.509
9370.000 12.609
9380.000 16.334
9390.000 23.534
9400.000 35.340
9410.000 37.425
9420.000 15.820
9430.000 8.878
9440.000 6.849
9450.000 5.752
9460.000 5.188
9470.000 4.852
9480.000 4.633
9490.000 4.468
9500.000 4.407
9510.000 4.371
9520.000 4.431
9530.000 4.524
9540.000 4.633
9550.000 4.753
9560.000 4.953
9570.000 5.163
9580.000 5.457
9590.000 5.810
9600.000 6.235
9610.000 6.796
9620.000 7.412
9630.000 7.981
9640.000 9.093
9650.000 10.308
9660.000 11.792
9670.000 13.721
9680.000 16.212
9690.000 19.524
9700.000 23.971
9710.000 29.917
9720.000 37.398
9730.000 45.065
9740.000 48.799
9750.000 45.387
9760.000 38.360
9770.000 32.310
9780.000 28.087
9790.000 25.500
9800.000 23.942
9810.000 21.619
9820.000 19.352
9830.000 17.663
9840.000 16.398
9850.000 15.372
9860.000 14.550
9870.000 13.863
9880.000 13.293
9890.000 12.783
9900.000 12.344
9910.000 11.936
9920.000 11.560
9930.000 11.257
9940.000 10.947
9950.000 10.720
9960.000 10.493
9970.000 10.279
9980.000 10.053
9990.000 9.823
10000.000 9.629
