  1   0.469559   0.419022
  2   0.466705   0.413635
  3   0.465607   0.410507
  4   0.465286   0.410004
  5   0.465988   0.411041
  6   0.467850   0.413757
  7   0.470291   0.417618
  8   0.472961   0.422760
  9   0.476410   0.428726
 10   0.480270   0.435272
 11   0.483994   0.442627
 12   0.487946   0.448288
 13   0.492569   0.453247
 14   0.497360   0.459274
 15   0.502487   0.466156
 16   0.508331   0.473740
 17   0.514160   0.481873
 18   0.520081   0.490448
 19   0.526154   0.499420
 20   0.532257   0.508408
 21   0.538498   0.517776
 22   0.545090   0.527191
 23   0.554825   0.532242
 24   0.565582   0.532059
 25   0.576080   0.535233
 26   0.586578   0.541275
 27   0.596771   0.549362
 28   0.606873   0.559174
 29   0.616470   0.569962
 30   0.625641   0.581482
 31   0.634445   0.593719
 32   0.643036   0.606308
 33   0.651321   0.619080
 34   0.659134   0.631775
 35   0.666809   0.644455
 36   0.674362   0.657150
 37   0.681381   0.669403
 38   0.688446   0.681335
 39   0.695450   0.692886
 40   0.702042   0.704102
 41   0.708435   0.714920
 42   0.714752   0.725372
 43   0.721161   0.735703
 44   0.727493   0.745804
 45   0.733582   0.755417
 46   0.739563   0.764709
 47   0.745255   0.773926
 48   0.751190   0.783173
 49   0.756699   0.792099
 50   0.762482   0.801071
 51   0.768097   0.810028
 52   0.773483   0.818863
 53   0.779007   0.827911
 54   0.783981   0.837158
 55   0.789368   0.846283
 56   0.794647   0.855804
 57   0.799805   0.865509
 58   0.804688   0.875458
 59   0.808929   0.898605
 60   0.813751   0.920914
 61   0.819336   0.941360
 62   0.824844   0.960663
 63   0.830490   0.978500
 64   0.836380   0.995773
 65   0.842545   1.012344
 66   0.848404   1.027939
 67   0.854965   1.042984
 68   0.861267   1.057343
 69   0.869949   1.069778
 70   0.883972   1.045853
 71   0.897476   1.016449
 72   0.909821   0.995758
 73   0.921341   0.981735
 74   0.932236   0.973663
 75   0.942429   0.970230
 76   0.951874   0.970764
 77   0.960815   0.974136
 78   0.969467   0.980087
 79   0.977325   0.987823
 80   0.985016   0.996918
 81   0.992233   1.007339
 82   0.999268   1.018188
 83   1.006378   1.029556
 84   1.013077   1.041580
 85   1.019485   1.053482
 86   1.026093   1.065628
 87   1.032486   1.077362
 88   1.038635   1.089020
 89   1.044693   1.100327
 90   1.050644   1.111404
 91   1.056473   1.122101
 92   1.062210   1.132141
 93   1.067963   1.141800
 94   1.073380   1.151367
 95   1.078781   1.160339
 96   1.084290   1.169022
 97   1.089584   1.177567
 98   1.094925   1.185699
 99   1.100494   1.193710
100   1.105774   1.201248
101   1.111252   1.206970
102   1.117249   1.211349
103   1.123322   1.214890
104   1.118027   1.218445
105   1.100632   1.283173
106   1.085922   1.343826
107   1.073380   1.396729
108   1.062378   1.443527
109   1.052521   1.484909
110   1.043518   1.521713
111   1.035721   1.555084
112   1.028961   1.584839
113   1.033859   1.608856
114   1.064056   1.561417
115   1.099884   1.497253
116   1.131393   1.444550
117   1.159195   1.403412
118   1.183029   1.372116
119   1.203796   1.348999
120   1.221939   1.332672
121   1.238129   1.322159
122   1.252380   1.316528
123   1.265503   1.315170
124   1.276993   1.317017
125   1.287613   1.321503
126   1.297272   1.328201
127   1.306427   1.336365
128   1.314896   1.346222
129   1.322906   1.356781
130   1.330475   1.368210
131   1.337509   1.380005
132   1.344345   1.391907
133   1.350906   1.403854
134   1.357727   1.415909
135   1.364090   1.427872
136   1.370132   1.439407
137   1.376297   1.450821
138   1.382233   1.462158
139   1.388153   1.472809
140   1.393890   1.483078
141   1.399414   1.492905
142   1.405426   1.503067
143   1.411285   1.512802
144   1.417053   1.522766
145   1.421402   1.586060
146   1.426498   1.684219
147   1.431824   1.767807
148   1.437958   1.839859
149   1.444107   1.903122
150   1.450623   1.959259
151   1.457382   2.009384
152   1.464081   2.054855
153   1.471344   2.096115
154   1.478302   2.134201
155   1.485626   2.168930
156   1.492828   2.200851
157   1.501343   2.225281
158   1.513153   2.164444
159   1.524582   2.058151
160   1.535019   1.969116
161   1.544662   1.895782
162   1.553802   1.836334
163   1.562225   1.788773
164   1.570099   1.751526
165   1.577774   1.722702
166   1.585388   1.701126
167   1.592407   1.685486
168   1.599350   1.675385
169   1.605453   1.669647
170   1.612061   1.667694
171   1.618164   1.669144
172   1.624420   1.673233
173   1.630127   1.679214
174   1.636429   1.687164
175   1.642334   1.696518
176   1.648438   1.706909
177   1.654572   1.718002
178   1.660782   1.729492
179   1.666748   1.741104
180   1.672455   1.753082
181   1.678192   1.765152
182   1.684143   1.776840
183   1.690063   1.789276
184   1.696060   1.803314
185   1.701004   1.851730
186   1.705795   1.987518
187   1.711700   2.100525
188   1.717651   2.195877
189   1.724335   2.276947
190   1.731491   2.347107
191   1.738678   2.408813
192   1.745941   2.463974
193   1.753357   2.514145
194   1.760986   2.560394
195   1.768814   2.603531
196   1.776718   2.643890
197   1.784653   2.682327
198   1.792526   2.718491
199   1.800476   2.753036
200   1.808182   2.785812
201   1.816010   2.815887
202   1.824722   2.816467
203   1.834030   2.714050
204   1.842621   2.592224
205   1.850891   2.488373
206   1.858292   2.400497
207   1.865402   2.326767
208   1.872223   2.265167
209   1.878860   2.214890
210   1.885178   2.173981
211   1.891647   2.141281
212   1.897980   2.115479
213   1.903992   2.096069
214   1.909882   2.081970
215   1.915833   2.072403
216   1.921722   2.066681
217   1.927795   2.064453
218   1.933777   2.065231
219   1.939728   2.068054
220   1.946030   2.073364
221   1.952209   2.080643
222   1.957886   2.089325
223   1.963989   2.099014
224   1.970230   2.109756
225   1.975815   2.123947
226   1.981110   2.279709
227   1.987183   2.411469
228   1.993408   2.520874
229   2.000000   2.612045
230   2.007080   2.688904
231   2.013962   2.754990
232   2.020905   2.812546
233   2.028091   2.863586
234   2.035553   2.910172
235   2.043182   2.953033
236   2.050888   2.993439
237   2.058792   3.031754
238   2.066376   3.069107
239   2.074097   3.105484
240   2.081970   3.141037
241   2.090012   3.173035
242   2.098419   3.192322
243   2.107391   3.199753
244   2.115875   3.198853
245   2.125000   3.191284
246   2.134155   3.178299
247   2.142868   3.161255
248   2.151077   3.141983
249   2.159500   3.071732
250   2.167572   2.988373
251   2.174881   2.914749
252   2.181961   2.849731
253   2.188812   2.792725
254   2.195313   2.742889
255   2.201645   2.699554
256   2.207870   2.662582
257   2.213989   2.630951
258   2.220001   2.605057
259   2.225967   2.584091
260   2.231979   2.567398
261   2.237930   2.554260
262   2.243881   2.544724
263   2.249832   2.538742
264   2.254868   2.535278
265   2.258148   2.645370
266   2.261581   2.763092
267   2.265442   2.862885
268   2.269882   2.947327
269   2.274155   3.018524
270   2.278732   3.078613
271   2.283859   3.129669
272   2.288956   3.173721
273   2.294861   3.211655
274   2.300537   3.245453
275   2.306534   3.276215
276   2.312866   3.305008
277   2.319183   3.332581
278   2.325684   3.359924
279   2.332275   3.387131
280   2.338898   3.413727
281   2.343536   3.435165
282   2.345932   3.450592
283   2.346588   3.459229
284   2.345535   3.462021
285   2.343338   3.460144
286   2.340256   3.454895
287   2.336655   3.447113
288   2.332306   3.437637
289   2.327164   3.427078
290   2.321625   3.415665
291   2.315918   3.404556
292   2.310043   3.393448
293   2.304001   3.382736
294   2.297745   3.371826
295   2.291412   3.361206
296   2.284775   3.350418
297   2.278564   3.339432
298   2.272354   3.327774
299   2.266586   3.314804
300   2.260345   3.299042
301   2.254669   3.278976
302   2.249420   3.253250
303   2.244781   3.219391
304   2.240326   3.108276
305   2.235336   2.987305
306   2.230133   2.887253
307   2.224258   2.804367
308   2.218384   2.736328
309   2.212158   2.681015
310   2.205765   2.636322
311   2.199188   2.600952
312   2.192749   2.573944
313   2.185944   2.553314
314   2.179337   2.539337
315   2.172791   2.530746
316   2.166061   2.527588
317   2.159653   2.529388
318   2.152557   2.550217
319   2.145462   2.619995
320   2.138428   2.680420
321   2.131134   2.735580
322   2.123306   2.786392
323   2.115570   2.833939
324   2.107620   2.879425
325   2.099335   2.923569
326   2.091141   2.966522
327   2.082840   3.003479
328   2.074387   3.029007
329   2.066315   3.044998
330   2.058289   3.053085
331   2.050140   3.055374
332   2.041840   3.052490
333   2.033783   3.045517
334   2.025421   3.035812
335   2.017563   3.024216
336   2.009689   3.011429
337   2.001556   2.997940
338   1.993149   2.984253
339   1.985443   2.971375
340   1.977676   2.959915
341   1.970078   2.949646
342   1.962479   2.939621
343   1.954620   2.929642
344   1.946945   2.918274
345   1.940430   2.865845
346   1.933746   2.718216
347   1.926987   2.593826
348   1.920166   2.489197
349   1.913162   2.400345
350   1.906113   2.324539
351   1.899323   2.259552
352   1.892212   2.203812
353   1.885330   2.155701
354   1.878601   2.114258
355   1.871796   2.078171
356   1.865311   2.046982
357   1.858688   2.019669
358   1.852051   1.996140
359   1.845413   1.976166
360   1.838638   1.959167
361   1.832230   1.945236
362   1.825775   1.934586
363   1.819107   1.927292
364   1.812439   1.923584
365   1.805542   1.923965
366   1.797760   1.977081
367   1.790039   2.112305
368   1.782227   2.230591
369   1.774368   2.323853
370   1.766830   2.396484
371   1.759521   2.451431
372   1.751877   2.491989
373   1.744324   2.520966
374   1.736725   2.539520
375   1.728729   2.550034
376   1.721313   2.554276
377   1.713486   2.553024
378   1.705887   2.548141
379   1.697876   2.540176
380   1.690308   2.530060
381   1.682419   2.518936
382   1.674316   2.507782
383   1.666702   2.497391
384   1.658371   2.488312
385   1.649963   2.480347
386   1.643356   2.425873
387   1.637421   2.299393
388   1.631195   2.193512
389   1.625153   2.104065
390   1.619019   2.028397
391   1.612701   1.963745
392   1.606445   1.908096
393   1.600021   1.860031
394   1.593903   1.817596
395   1.587448   1.780243
396   1.581161   1.746765
397   1.574997   1.716385
398   1.568863   1.688751
399   1.562668   1.663284
400   1.556534   1.639633
401   1.550400   1.617538
402   1.544083   1.596863
403   1.537720   1.577652
404   1.531570   1.559769
405   1.525421   1.543045
406   1.519165   1.527557
407   1.513031   1.513489
408   1.506989   1.500839
409   1.500427   1.490295
410   1.493820   1.482040
411   1.484070   1.507736
412   1.472992   1.614960
413   1.462830   1.711975
414   1.453293   1.788559
415   1.443970   1.847687
416   1.435303   1.892624
417   1.427048   1.925964
418   1.418854   1.949417
419   1.410583   1.964951
420   1.402664   1.974075
421   1.394821   1.977676
422   1.387115   1.977417
423   1.379410   1.974380
424   1.371155   1.969452
425   1.363403   1.963669
426   1.355560   1.958389
427   1.350327   1.891922
428   1.344788   1.806976
429   1.339142   1.735779
430   1.333542   1.675629
431   1.327820   1.624619
432   1.321930   1.580994
433   1.316330   1.543228
434   1.310654   1.510651
435   1.305252   1.481613
436   1.299698   1.455795
437   1.293732   1.432404
438   1.288239   1.411118
439   1.282654   1.391006
440   1.276932   1.372147
441   1.271210   1.354263
442   1.265442   1.336792
443   1.259720   1.319717
444   1.253998   1.302841
445   1.248276   1.286133
446   1.242432   1.269440
447   1.236542   1.252747
448   1.230560   1.236267
449   1.224365   1.219559
450   1.218201   1.203690
451   1.212143   1.187912
452   1.205505   1.172485
453   1.195374   1.158310
454   1.174866   1.148270
455   1.127899   1.180588
456   1.090332   1.247406
457   1.060883   1.300278
458   1.037262   1.341110
459   1.018631   1.371780
460   1.004440   1.394073
461   0.993149   1.409576
462   0.984772   1.419037
463   0.978729   1.424286
464   0.974442   1.425674
465   0.971481   1.424438
466   0.969711   1.421738
467   0.975739   1.414093
468   0.985107   1.361221
469   0.992157   1.316193
470   0.997025   1.278229
471   0.999939   1.245667
472   1.001587   1.217621
473   1.002243   1.193298
474   1.001602   1.172226
475   1.000244   1.153473
476   0.998413   1.136826
477   0.996140   1.121780
478   0.993149   1.107971
479   0.989685   1.094955
480   0.986084   1.082413
481   0.981934   1.070496
482   0.977509   1.058517
483   0.973068   1.046646
484   0.968506   1.034775
485   0.963364   1.022705
486   0.958542   1.010284
487   0.953552   0.997925
488   0.948624   0.984985
489   0.943176   0.971542
490   0.937637   0.957748
491   0.931839   0.943405
492   0.925827   0.928864
493   0.919617   0.913483
494   0.913040   0.897812
495   0.906326   0.881729
496   0.899139   0.865662
497   0.886902   0.858795
498   0.873749   0.883194
499   0.862000   0.902420
500   0.851059   0.916061
501   0.840652   0.925476
502   0.830963   0.930847
503   0.822144   0.933212
504   0.813965   0.933075
505   0.805618   0.930710
506   0.797516   0.926346
507   0.789536   0.920990
508   0.782028   0.914688
509   0.775864   0.896194
510   0.769958   0.878265
511   0.763931   0.862015
512   0.758728   0.846939
513   0.753723   0.832901
514   0.748169   0.819962
515   0.743073   0.807892
516   0.738052   0.796585
517   0.732880   0.785721
518   0.727600   0.775452
519   0.722534   0.765640
520   0.717346   0.756073
521   0.712402   0.747131
522   0.707336   0.738281
523   0.702087   0.729660
524   0.697037   0.720963
525   0.691879   0.712494
526   0.686447   0.703781
527   0.681229   0.695099
528   0.676010   0.686096
529   0.670410   0.676819
530   0.664673   0.667236
531   0.658813   0.657455
532   0.653015   0.647049
533   0.646866   0.636047
534   0.640564   0.624527
535   0.633774   0.612610
536   0.626862   0.599808
537   0.619858   0.586441
538   0.612244   0.572220
539   0.603775   0.557236
540   0.592575   0.544937
541   0.581802   0.539063
542   0.572006   0.532654
543   0.562973   0.525711
544   0.554138   0.518326
545   0.545532   0.510696
546   0.537323   0.502502
547   0.529373   0.494034
548   0.521667   0.484909
549   0.514191   0.475861
550   0.507507   0.468903
551   0.501221   0.462326
552   0.495621   0.455627
553   0.489944   0.448547
554   0.484528   0.440964
555   0.479187   0.433517
556   0.473877   0.425888
557   0.469574   0.418442
558   0.466797   0.413300
559   0.465088   0.410721
560   0.465103   0.410049
561   0.466019   0.411453
562   0.467941   0.414505
563   0.470261   0.418503
564   0.473297   0.423859
565   0.476913   0.429581
566   0.480728   0.436646
567   0.484695   0.443985
568   0.488449   0.449158
569   0.492798   0.454361
570   0.497421   0.460403
571   0.502731   0.467377
572   0.508392   0.474915
573   0.514038   0.483231
574   0.520203   0.491959
575   0.526459   0.500870
576   0.532608   0.510147
577   0.539001   0.519257
578   0.545853   0.528732
579   0.556000   0.532318
580   0.566925   0.532516
581   0.577759   0.536316
582   0.587967   0.542862
583   0.598206   0.551147
584   0.607956   0.561066
585   0.617371   0.572128
586   0.626633   0.583984
587   0.635529   0.596237
588   0.643860   0.608795
589   0.652069   0.621643
590   0.660233   0.634384
591   0.667709   0.647278
592   0.675003   0.659790
593   0.682205   0.672089
594   0.689285   0.683990
595   0.696045   0.695694
596   0.702591   0.706879
597   0.708878   0.717743
598   0.715103   0.728180
599   0.721512   0.738388
600   0.727646   0.748322
601   0.733612   0.757874
602   0.739655   0.767242
603   0.745636   0.776596
604   0.751358   0.785660
605   0.757080   0.794708
606   0.762833   0.803787
607   0.768555   0.812698
608   0.774155   0.821442
609   0.779739   0.830704
610   0.785263   0.839859
611   0.790482   0.849060
612   0.795670   0.858582
613   0.800842   0.868408
614   0.805389   0.878906
615   0.809967   0.903198
616   0.814941   0.925323
617   0.820343   0.945511
618   0.826141   0.964462
619   0.831863   0.982285
620   0.838089   0.999405
621   0.844391   1.015717
622   0.850525   1.031219
623   0.857025   1.046463
624   0.863281   1.060532
625   0.873062   1.070724
626   0.887314   1.042007
627   0.900513   1.014145
628   0.912750   0.994476
629   0.924179   0.981323
630   0.935074   0.974258
631   0.945206   0.971466
632   0.954391   0.972412
633   0.963211   0.976486
634   0.971725   0.982834
635   0.979584   0.990982
636   0.987122   1.000565
637   0.994659   1.011078
638   1.001709   1.022278
639   1.008743   1.033661
640   1.015701   1.045853
641   1.022186   1.057846
642   1.028320   1.069916
643   1.034561   1.082031
644   1.040878   1.093689
645   1.046585   1.105072
646   1.052399   1.116211
647   1.057999   1.126816
648   1.063858   1.137024
649   1.069656   1.146774
650   1.074966   1.156143
651   1.080566   1.165115
652   1.086075   1.173553
653   1.091370   1.182053
654   1.096695   1.190460
655   1.102188   1.198334
656   1.107483   1.205612
657   1.113327   1.211288
658   1.119461   1.215637
659   1.125366   1.218857
660   1.115921   1.229904
661   1.099213   1.297028
662   1.085144   1.356140
663   1.072693   1.408218
664   1.061371   1.453613
665   1.051636   1.494125
666   1.042908   1.530548
667   1.035446   1.563614
668   1.028824   1.593033
669   1.038101   1.613174
670   1.069519   1.556931
671   1.105499   1.493881
672   1.136551   1.442383
673   1.163391   1.402512
674   1.186966   1.372314
675   1.207382   1.350159
676   1.225067   1.334717
677   1.240829   1.324783
678   1.254715   1.319687
679   1.267181   1.318481
680   1.278702   1.320770
681   1.289032   1.325638
682   1.298843   1.332367
683   1.307846   1.340836
684   1.316177   1.350922
685   1.324036   1.361588
686   1.331802   1.373154
687   1.338745   1.384796
688   1.345718   1.396774
689   1.352478   1.408691
690   1.358765   1.420776
691   1.365189   1.432434
692   1.371490   1.444092
693   1.377365   1.455246
694   1.383163   1.466476
695   1.389053   1.477173
696   1.394882   1.487274
697   1.400909   1.497116
698   1.406952   1.507233
699   1.412827   1.517029
700   1.417892   1.526840
701   1.422302   1.602600
702   1.427353   1.698227
703   1.432892   1.780319
704   1.438690   1.851089
705   1.445435   1.913208
706   1.451965   1.968460
707   1.459030   2.017944
708   1.465988   2.062836
709   1.472870   2.103607
710   1.479919   2.140884
711   1.487106   2.175323
712   1.494034   2.206955
713   1.503098   2.225876
714   1.515244   2.151459
715   1.526443   2.047028
716   1.536789   1.959976
717   1.546463   1.888702
718   1.555466   1.830780
719   1.563599   1.784409
720   1.571518   1.748215
721   1.579071   1.720108
722   1.586288   1.699677
723   1.593155   1.685028
724   1.599899   1.675247
725   1.606552   1.670059
726   1.612869   1.668747
727   1.619263   1.670319
728   1.625443   1.674622
729   1.631729   1.680893
730   1.638000   1.688614
731   1.644150   1.697784
732   1.650116   1.708221
733   1.656006   1.719360
734   1.661713   1.731018
735   1.667587   1.743042
736   1.673340   1.755020
737   1.679276   1.767075
738   1.685165   1.779068
739   1.691345   1.791901
740   1.697525   1.806015
741   1.702301   1.873734
742   1.707336   2.006149
743   1.712921   2.116089
744   1.719238   2.208801
745   1.726013   2.287979
746   1.732651   2.357010
747   1.740112   2.417694
748   1.747696   2.471970
749   1.755325   2.521561
750   1.762955   2.567352
751   1.770828   2.609940
752   1.778275   2.649872
753   1.785904   2.687683
754   1.794037   2.723785
755   1.802002   2.758347
756   1.810120   2.791153
757   1.817902   2.821335
758   1.826584   2.810135
759   1.835968   2.699615
760   1.844284   2.581146
761   1.852158   2.479782
762   1.859650   2.394165
763   1.866653   2.322189
764   1.873108   2.262451
765   1.879578   2.213486
766   1.886093   2.173676
767   1.892242   2.141602
768   1.898468   2.116852
