  1   0.297012   0.413818
  2   0.294144   0.407715
  3   0.292816   0.404572
  4   0.292542   0.403641
  5   0.293488   0.404846
  6   0.295395   0.407944
  7   0.297775   0.412125
  8   0.300888   0.417389
  9   0.304321   0.423782
 10   0.308029   0.430603
 11   0.312271   0.438385
 12   0.316437   0.446350
 13   0.320908   0.454514
 14   0.325714   0.463287
 15   0.330093   0.471741
 16   0.334549   0.477554
 17   0.339417   0.483994
 18   0.344711   0.491165
 19   0.350540   0.499252
 20   0.356369   0.507477
 21   0.362396   0.515839
 22   0.368423   0.523987
 23   0.374664   0.532272
 24   0.380920   0.540024
 25   0.387314   0.547485
 26   0.395767   0.553558
 27   0.406570   0.553406
 28   0.417343   0.555817
 29   0.428070   0.560760
 30   0.438354   0.567276
 31   0.448257   0.575043
 32   0.457779   0.583435
 33   0.466949   0.592346
 34   0.476013   0.601532
 35   0.484390   0.610870
 36   0.492859   0.620316
 37   0.500732   0.629868
 38   0.508224   0.639526
 39   0.515594   0.649216
 40   0.523026   0.659012
 41   0.529999   0.669052
 42   0.536942   0.679138
 43   0.543518   0.689529
 44   0.550095   0.700043
 45   0.556458   0.710785
 46   0.562592   0.721741
 47   0.568817   0.733109
 48   0.574799   0.744232
 49   0.580795   0.756073
 50   0.586334   0.767563
 51   0.592316   0.779831
 52   0.597946   0.792145
 53   0.603424   0.804398
 54   0.609085   0.817261
 55   0.614349   0.829956
 56   0.619843   0.843018
 57   0.625183   0.856064
 58   0.630356   0.869400
 59   0.635757   0.882645
 60   0.640945   0.896133
 61   0.645950   0.909317
 62   0.650208   0.933899
 63   0.654877   0.960709
 64   0.660019   0.985001
 65   0.665833   1.006851
 66   0.671738   1.026230
 67   0.677780   1.043427
 68   0.683945   1.058197
 69   0.690155   1.070923
 70   0.696243   1.081329
 71   0.702759   1.090378
 72   0.710983   1.096512
 73   0.724686   1.074966
 74   0.737717   1.047394
 75   0.749985   1.028137
 76   0.761536   1.015366
 77   0.772217   1.007874
 78   0.782242   1.003860
 79   0.791672   1.002548
 80   0.800476   1.003326
 81   0.808914   1.005463
 82   0.817123   1.008652
 83   0.824829   1.012726
 84   0.832092   1.017303
 85   0.839355   1.022339
 86   0.845993   1.028000
 87   0.852570   1.033768
 88   0.859100   1.039978
 89   0.865479   1.046555
 90   0.871613   1.053375
 91   0.877609   1.060867
 92   0.883591   1.068802
 93   0.889420   1.076843
 94   0.895233   1.085617
 95   0.900772   1.094925
 96   0.906174   1.104706
 97   0.911865   1.114777
 98   0.917053   1.125610
 99   0.922485   1.136627
100   0.927872   1.148331
101   0.933197   1.160263
102   0.938385   1.172318
103   0.943787   1.183090
104   0.949677   1.190918
105   0.955643   1.196213
106   0.961868   1.199402
107   0.967239   1.207458
108   0.971817   1.282501
109   0.976959   1.359741
110   0.982712   1.424637
111   0.988510   1.478943
112   0.994522   1.524078
113   1.000946   1.560944
114   1.007324   1.591156
115   1.013748   1.615417
116   1.020828   1.630844
117   1.026138   1.577698
118   1.039658   1.512772
119   1.053452   1.467194
120   1.066162   1.433319
121   1.077499   1.408325
122   1.088028   1.390503
123   1.097931   1.377930
124   1.107117   1.369644
125   1.115768   1.364792
126   1.123779   1.362305
127   1.131561   1.361450
128   1.138779   1.362045
129   1.145813   1.363434
130   1.152679   1.365372
131   1.159332   1.367813
132   1.165924   1.370667
133   1.172226   1.373978
134   1.178650   1.377457
135   1.184464   1.380844
136   1.190521   1.384552
137   1.196533   1.388474
138   1.202301   1.392654
139   1.208038   1.397385
140   1.213837   1.402145
141   1.219421   1.407578
142   1.224991   1.413345
143   1.230743   1.419769
144   1.236191   1.426788
145   1.242035   1.434952
146   1.247803   1.443954
147   1.253174   1.453873
148   1.257217   1.541565
149   1.262024   1.668335
150   1.267487   1.777588
151   1.273163   1.871017
152   1.279327   1.950928
153   1.285843   2.019394
154   1.292755   2.077301
155   1.299667   2.125687
156   1.306641   2.165665
157   1.313858   2.198151
158   1.320999   2.224503
159   1.328262   2.245346
160   1.336853   2.255417
161   1.348373   2.192184
162   1.359863   2.087601
163   1.369934   2.003113
164   1.379623   1.936874
165   1.388382   1.885925
166   1.396606   1.846542
167   1.404358   1.816940
168   1.411835   1.794754
169   1.418793   1.778381
170   1.425842   1.766586
171   1.432510   1.758331
172   1.439209   1.752533
173   1.445450   1.748978
174   1.451721   1.746964
175   1.457916   1.746063
176   1.464203   1.746048
177   1.470230   1.746506
178   1.476425   1.747177
179   1.482407   1.748230
180   1.488174   1.749130
181   1.494232   1.749924
182   1.500259   1.750931
183   1.506104   1.751740
184   1.511932   1.752594
185   1.517639   1.753830
186   1.523666   1.757675
187   1.529709   1.765610
188   1.534393   1.821640
189   1.539078   1.971848
190   1.544708   2.103638
191   1.550751   2.220245
192   1.557358   2.323196
193   1.564178   2.414001
194   1.571228   2.493347
195   1.578552   2.562622
196   1.585907   2.622894
197   1.593552   2.675369
198   1.601303   2.720810
199   1.609161   2.759506
200   1.616852   2.791946
201   1.624908   2.818756
202   1.632767   2.840729
203   1.640701   2.858002
204   1.648666   2.871063
205   1.657516   2.854568
206   1.666916   2.743500
207   1.675659   2.615891
208   1.683563   2.513412
209   1.691162   2.432190
210   1.698334   2.368195
211   1.704971   2.319244
212   1.711533   2.281479
213   1.717941   2.252914
214   1.724014   2.231796
215   1.730103   2.216309
216   1.736237   2.205475
217   1.742188   2.197998
218   1.748138   2.193375
219   1.754227   2.190308
220   1.760025   2.188705
221   1.766205   2.187897
222   1.772247   2.187790
223   1.778168   2.187881
224   1.784149   2.188156
225   1.790146   2.188583
226   1.796219   2.188904
227   1.802216   2.189102
228   1.807678   2.209824
229   1.813049   2.337341
230   1.818802   2.454681
231   1.824707   2.559464
232   1.831070   2.654251
233   1.837357   2.740829
234   1.844101   2.820755
235   1.851151   2.894547
236   1.858032   2.962357
237   1.865295   3.024460
238   1.872528   3.080963
239   1.879959   3.132141
240   1.887344   3.178467
241   1.894775   3.220627
242   1.902588   3.258377
243   1.910477   3.291611
244   1.918640   3.317276
245   1.927109   3.330872
246   1.935745   3.334183
247   1.944580   3.329300
248   1.953568   3.317734
249   1.962631   3.300629
250   1.971481   3.278885
251   1.980118   3.248566
252   1.989304   3.150314
253   1.997787   3.041260
254   2.005569   2.953384
255   2.012756   2.883209
256   2.019791   2.828629
257   2.026474   2.786438
258   2.032883   2.754959
259   2.039124   2.731583
260   2.045059   2.715088
261   2.051132   2.704041
262   2.057022   2.697708
263   2.062912   2.694489
264   2.068863   2.694443
265   2.074860   2.696381
266   2.080887   2.699692
267   2.085693   2.704987
268   2.088684   2.773987
269   2.091827   2.842865
270   2.095291   2.905548
271   2.099106   2.964600
272   2.103088   3.020126
273   2.107544   3.073395
274   2.112228   3.125183
275   2.116943   3.176025
276   2.122055   3.226456
277   2.127167   3.276596
278   2.132843   3.326355
279   2.138611   3.375381
280   2.144119   3.423309
281   2.148315   3.464722
282   2.150269   3.493881
283   2.150696   3.511520
284   2.150024   3.519089
285   2.148026   3.518219
286   2.145203   3.510391
287   2.141830   3.496796
288   2.137512   3.478546
289   2.132874   3.456436
290   2.127930   3.430649
291   2.122650   3.402771
292   2.117249   3.373047
293   2.111801   3.342102
294   2.106079   3.310699
295   2.100540   3.278976
296   2.094833   3.247650
297   2.089401   3.217270
298   2.084030   3.189056
299   2.078842   3.162674
300   2.074753   3.132813
301   2.070572   3.050720
302   2.066010   2.973679
303   2.061035   2.907593
304   2.055588   2.850449
305   2.049988   2.800766
306   2.044022   2.757095
307   2.038040   2.718201
308   2.031738   2.683090
309   2.025574   2.651138
310   2.019394   2.621933
311   2.013092   2.595734
312   2.006805   2.572098
313   2.000549   2.550568
314   1.994125   2.531723
315   1.986694   2.547699
316   1.979218   2.628067
317   1.971420   2.706390
318   1.963654   2.778107
319   1.955460   2.844055
320   1.947342   2.905548
321   1.938858   2.963470
322   1.930099   3.018463
323   1.921631   3.070633
324   1.913162   3.116699
325   1.904373   3.152527
326   1.896210   3.178574
327   1.887878   3.196457
328   1.879822   3.206497
329   1.871582   3.210281
330   1.863617   3.208405
331   1.855759   3.200684
332   1.847794   3.188232
333   1.839966   3.170624
334   1.832184   3.148514
335   1.824661   3.122360
336   1.816956   3.093155
337   1.809357   3.061218
338   1.801804   3.027374
339   1.794327   2.992050
340   1.786911   2.955780
341   1.779465   2.920044
342   1.772827   2.862167
343   1.766327   2.730682
344   1.759705   2.617844
345   1.752762   2.524582
346   1.746124   2.447174
347   1.739395   2.383041
348   1.732574   2.329361
349   1.725739   2.284302
350   1.719162   2.246277
351   1.712448   2.213593
352   1.705872   2.185501
353   1.699387   2.160263
354   1.692596   2.137253
355   1.686371   2.116180
356   1.679718   2.096542
357   1.673416   2.077545
358   1.666916   2.058960
359   1.660645   2.040588
360   1.654419   2.022308
361   1.648056   2.004578
362   1.641464   1.988907
363   1.633850   2.024994
364   1.625580   2.143356
365   1.617615   2.254715
366   1.609680   2.347000
367   1.601883   2.422989
368   1.594009   2.485184
369   1.586411   2.535660
370   1.578537   2.576187
371   1.570999   2.607635
372   1.563278   2.631226
373   1.555450   2.648087
374   1.547974   2.658539
375   1.540146   2.663132
376   1.532455   2.661865
377   1.524765   2.654907
378   1.516922   2.642471
379   1.509033   2.624725
380   1.501190   2.602798
381   1.493240   2.576767
382   1.485153   2.547470
383   1.478729   2.481506
384   1.472778   2.336380
385   1.466736   2.213791
386   1.460419   2.112640
387   1.454178   2.029160
388   1.447968   1.960129
389   1.441589   1.903091
390   1.435349   1.855865
391   1.428955   1.816284
392   1.422882   1.783432
393   1.416382   1.755829
394   1.410217   1.732315
395   1.403961   1.712204
396   1.397629   1.694748
397   1.391510   1.679398
398   1.385193   1.665131
399   1.379105   1.652191
400   1.372879   1.639969
401   1.366669   1.628265
402   1.360504   1.616165
403   1.354340   1.603897
404   1.347992   1.591202
405   1.341904   1.577789
406   1.335464   1.563477
407   1.328751   1.548370
408   1.319611   1.559143
409   1.308899   1.647034
410   1.298737   1.737305
411   1.289291   1.812134
412   1.280151   1.874130
413   1.271408   1.924911
414   1.263168   1.966278
415   1.254974   1.999374
416   1.247040   2.025192
417   1.239212   2.044357
418   1.231567   2.057617
419   1.223907   2.065079
420   1.216248   2.066483
421   1.208450   2.062073
422   1.200546   2.051987
423   1.192902   2.036835
424   1.187103   1.967987
425   1.181686   1.856750
426   1.176147   1.763641
427   1.170670   1.685532
428   1.164886   1.619873
429   1.159393   1.564636
430   1.153580   1.518005
431   1.147781   1.478638
432   1.142197   1.445175
433   1.136536   1.416916
434   1.130798   1.392517
435   1.125198   1.371674
436   1.119598   1.353653
437   1.113739   1.338272
438   1.107986   1.324585
439   1.102325   1.312683
440   1.096481   1.301804
441   1.090729   1.291580
442   1.084991   1.282288
443   1.079010   1.273193
444   1.073303   1.264008
445   1.067215   1.255005
446   1.061249   1.245270
447   1.055161   1.235168
448   1.048996   1.224411
449   1.042603   1.212646
450   1.033890   1.199417
451   1.016769   1.179321
452   1.004105   1.188065
453   0.993225   1.252182
454   0.983215   1.305862
455   0.974045   1.350342
456   0.965134   1.386948
457   0.956833   1.416748
458   0.948700   1.440628
459   0.940735   1.458725
460   0.932953   1.471924
461   0.925507   1.480042
462   0.917831   1.483536
463   0.910019   1.482025
464   0.902985   1.472244
465   0.897079   1.417755
466   0.891357   1.362793
467   0.885818   1.315109
468   0.880203   1.273972
469   0.874786   1.237732
470   0.869339   1.205734
471   0.863922   1.177139
472   0.858673   1.151581
473   0.853302   1.128616
474   0.848114   1.107864
475   0.842850   1.088806
476   0.837601   1.071411
477   0.832214   1.055496
478   0.826981   1.041000
479   0.821716   1.027512
480   0.816422   1.014862
481   0.811050   1.003265
482   0.805679   0.992447
483   0.800171   0.982117
484   0.794525   0.972626
485   0.789093   0.963470
486   0.783401   0.954788
487   0.777542   0.945847
488   0.771729   0.937317
489   0.765778   0.928238
490   0.759338   0.918442
491   0.752960   0.908188
492   0.746323   0.897003
493   0.738998   0.884689
494   0.728226   0.875366
495   0.714951   0.893265
496   0.702942   0.911835
497   0.692123   0.927200
498   0.681656   0.939178
499   0.672211   0.948380
500   0.663467   0.955292
501   0.654800   0.959991
502   0.646484   0.962143
503   0.638367   0.962006
504   0.630386   0.959320
505   0.622910   0.953949
506   0.616730   0.938461
507   0.610825   0.920273
508   0.604980   0.903122
509   0.599472   0.886719
510   0.594025   0.871353
511   0.588791   0.856308
512   0.583572   0.841660
513   0.578522   0.827560
514   0.573517   0.813889
515   0.568359   0.800186
516   0.563309   0.787109
517   0.558456   0.774124
518   0.553146   0.761276
519   0.548111   0.748779
520   0.543259   0.736588
521   0.537964   0.724686
522   0.532776   0.712845
523   0.527573   0.701248
524   0.522354   0.689896
525   0.516922   0.678772
526   0.511490   0.667969
527   0.505768   0.657288
528   0.500198   0.646973
529   0.494385   0.636658
530   0.488327   0.626419
531   0.482285   0.616501
532   0.475708   0.606445
533   0.469131   0.596024
534   0.461884   0.585358
535   0.454483   0.574173
536   0.446167   0.561966
537   0.435501   0.550232
538   0.424576   0.544571
539   0.414383   0.539215
540   0.405029   0.533676
541   0.396057   0.528000
542   0.387619   0.522095
543   0.379532   0.515854
544   0.371674   0.508743
545   0.363861   0.501389
546   0.356384   0.493149
547   0.349930   0.486099
548   0.343567   0.480240
549   0.337738   0.474136
550   0.332001   0.467575
551   0.326721   0.460617
552   0.321198   0.453384
553   0.316147   0.445786
554   0.311203   0.438004
555   0.306015   0.429916
556   0.301056   0.421860
557   0.296783   0.413712
558   0.294022   0.407608
559   0.292725   0.404327
560   0.292679   0.403656
561   0.293655   0.404785
562   0.295303   0.407715
563   0.297852   0.412079
564   0.300812   0.417450
565   0.304337   0.423752
566   0.307983   0.430817
567   0.312012   0.438354
568   0.316406   0.446442
569   0.321014   0.454849
570   0.325699   0.463593
571   0.330154   0.471741
572   0.334396   0.477676
573   0.339401   0.484070
574   0.344711   0.491577
575   0.350494   0.499619
576   0.356339   0.507919
577   0.362122   0.516251
578   0.368530   0.524490
579   0.374573   0.532761
580   0.380966   0.540802
581   0.387238   0.548233
582   0.395660   0.554199
583   0.406509   0.554184
584   0.417358   0.556641
585   0.428055   0.561417
586   0.438171   0.568146
587   0.448059   0.575745
588   0.457687   0.584473
589   0.466965   0.593262
590   0.475922   0.602554
591   0.484497   0.611801
592   0.492676   0.621445
593   0.500580   0.630981
594   0.508179   0.640778
595   0.515610   0.650375
596   0.522812   0.660294
597   0.529922   0.670013
598   0.536621   0.680161
599   0.543442   0.690491
600   0.549988   0.701035
601   0.556198   0.711792
602   0.562592   0.722839
603   0.568741   0.733856
604   0.574677   0.745392
605   0.580536   0.757019
606   0.586258   0.768829
607   0.591965   0.780670
608   0.597656   0.792847
609   0.603287   0.805420
610   0.608871   0.817871
611   0.614334   0.830597
612   0.619766   0.843628
613   0.625092   0.856567
614   0.630478   0.869736
615   0.635742   0.883087
616   0.641006   0.896286
617   0.645569   0.909653
618   0.650024   0.934189
619   0.654831   0.960876
620   0.659943   0.985077
621   0.665710   1.006851
622   0.671570   1.026291
623   0.677643   1.043564
624   0.683838   1.058136
625   0.690216   1.070770
626   0.696381   1.081375
627   0.702591   1.089935
628   0.711029   1.095734
629   0.724670   1.074112
630   0.737991   1.046707
631   0.750183   1.027649
632   0.761810   1.014832
633   0.772461   1.007080
634   0.782379   1.003082
635   0.791809   1.001633
636   0.800674   1.002258
637   0.809082   1.004364
638   0.817078   1.007614
639   0.824814   1.011597
640   0.832275   1.016342
641   0.839294   1.021210
642   0.846313   1.026810
643   0.852753   1.032639
644   0.859375   1.038925
645   0.865662   1.045700
646   0.871719   1.052429
647   0.877869   1.059769
648   0.883667   1.067719
649   0.889603   1.075928
650   0.895264   1.084656
651   0.900925   1.094116
652   0.906525   1.103729
653   0.911819   1.113937
654   0.917236   1.124802
655   0.922806   1.136124
656   0.928085   1.147644
657   0.933334   1.159821
658   0.938705   1.172119
659   0.944107   1.182816
660   0.949860   1.190704
661   0.955902   1.196136
662   0.961899   1.199188
663   0.967331   1.208023
664   0.972000   1.283783
665   0.977325   1.360825
666   0.982895   1.425598
667   0.988754   1.479843
668   0.994904   1.524826
669   1.001175   1.561630
670   1.007416   1.591705
671   1.014175   1.616302
672   1.021042   1.631760
673   1.026443   1.578598
674   1.040161   1.514053
675   1.053787   1.468613
676   1.066406   1.434723
677   1.077805   1.409897
678   1.088257   1.392075
679   1.098114   1.379562
680   1.107086   1.371414
681   1.115585   1.366318
682   1.123672   1.363831
683   1.131287   1.363129
684   1.138611   1.363495
685   1.145630   1.364990
686   1.152603   1.367203
687   1.159195   1.369659
688   1.165665   1.372421
689   1.172104   1.375458
690   1.178146   1.378738
691   1.184326   1.382339
692   1.190125   1.385941
693   1.196060   1.389877
694   1.201782   1.393936
695   1.207581   1.398422
696   1.213364   1.403183
697   1.218811   1.408493
698   1.224411   1.414093
699   1.230164   1.420547
700   1.235611   1.427628
701   1.241333   1.435654
702   1.247223   1.444534
703   1.252686   1.454315
704   1.256668   1.548431
705   1.261459   1.674301
706   1.266754   1.782562
707   1.272690   1.875458
708   1.278854   1.954544
709   1.285400   2.021881
710   1.292282   2.078949
711   1.299072   2.126923
712   1.306290   2.166534
713   1.313446   2.198761
714   1.320587   2.224564
715   1.327805   2.244904
716   1.336304   2.254395
717   1.348038   2.188492
718   1.359268   2.084076
719   1.369629   2.000168
720   1.379150   1.934418
721   1.388062   1.883820
722   1.396317   1.844818
723   1.404190   1.815247
724   1.411697   1.793076
725   1.418854   1.776886
726   1.425613   1.764923
727   1.432388   1.756485
728   1.438965   1.750885
729   1.445511   1.747238
730   1.451706   1.745041
731   1.458130   1.744141
732   1.464279   1.743835
733   1.470291   1.744232
734   1.476379   1.744812
735   1.482254   1.745621
736   1.488297   1.746674
737   1.494339   1.747711
738   1.500183   1.748734
739   1.506104   1.749847
740   1.512024   1.750870
741   1.518021   1.752182
742   1.523972   1.756195
743   1.530151   1.764603
744   1.534744   1.822632
745   1.539505   1.973190
746   1.545090   2.104996
747   1.551147   2.221542
748   1.557617   2.324356
749   1.564499   2.415329
750   1.571655   2.494720
751   1.578842   2.564072
752   1.586258   2.624512
753   1.593948   2.677124
754   1.601715   2.722992
755   1.609772   2.762177
756   1.617523   2.794861
757   1.625565   2.821625
758   1.633453   2.843552
759   1.641403   2.860977
760   1.649277   2.874619
761   1.658035   2.857803
762   1.667603   2.745499
763   1.676285   2.618423
764   1.684341   2.516327
765   1.691818   2.434921
766   1.698822   2.370743
767   1.705688   2.321259
768   1.712265   2.283752
