  1   0.318459   0.434883
  2   0.316963   0.429993
  3   0.315651   0.427292
  4   0.315544   0.426880
  5   0.316025   0.428108
  6   0.317245   0.430962
  7   0.317932   0.435089
  8   0.319763   0.438950
  9   0.322121   0.443573
 10   0.324043   0.448601
 11   0.326630   0.454201
 12   0.330048   0.461090
 13   0.333076   0.467514
 14   0.336365   0.474251
 15   0.339310   0.481430
 16   0.342979   0.487671
 17   0.346283   0.495392
 18   0.349937   0.502312
 19   0.353851   0.509064
 20   0.358414   0.512398
 21   0.363365   0.516991
 22   0.368744   0.523262
 23   0.373795   0.531174
 24   0.378380   0.540077
 25   0.382767   0.549583
 26   0.387856   0.560448
 27   0.392601   0.571312
 28   0.397026   0.583115
 29   0.402115   0.595337
 30   0.406799   0.607544
 31   0.410675   0.620308
 32   0.414742   0.633224
 33   0.418587   0.646591
 34   0.423080   0.660057
 35   0.426727   0.673737
 36   0.431023   0.687637
 37   0.435104   0.701340
 38   0.438881   0.714470
 39   0.442444   0.728378
 40   0.446259   0.742081
 41   0.450012   0.755493
 42   0.453354   0.768929
 43   0.457458   0.782173
 44   0.460991   0.794846
 45   0.464462   0.807594
 46   0.467873   0.820152
 47   0.471069   0.832039
 48   0.474815   0.843536
 49   0.478500   0.854843
 50   0.482048   0.866219
 51   0.484962   0.877266
 52   0.488564   0.887115
 53   0.492157   0.897682
 54   0.495811   0.907906
 55   0.498627   0.916832
 56   0.501190   0.937599
 57   0.504333   0.955589
 58   0.506599   0.969948
 59   0.510628   0.983376
 60   0.514351   0.994156
 61   0.517906   1.003326
 62   0.521645   1.011742
 63   0.524948   1.018791
 64   0.528702   1.025734
 65   0.532631   1.031898
 66   0.537109   1.034920
 67   0.541718   1.014717
 68   0.547287   0.996765
 69   0.552559   0.983574
 70   0.558022   0.974030
 71   0.562782   0.968224
 72   0.567917   0.965317
 73   0.572533   0.965096
 74   0.576797   0.966515
 75   0.580849   0.970810
 76   0.585289   0.976158
 77   0.589760   0.983154
 78   0.593758   0.990967
 79   0.597725   1.000679
 80   0.601624   1.010857
 81   0.605873   1.021996
 82   0.609337   1.034279
 83   0.613091   1.046425
 84   0.616936   1.059784
 85   0.620667   1.073509
 86   0.624603   1.088135
 87   0.628410   1.102753
 88   0.631599   1.117661
 89   0.635361   1.132263
 90   0.638878   1.147713
 91   0.642647   1.162575
 92   0.646530   1.178108
 93   0.650200   1.192871
 94   0.653870   1.208061
 95   0.657578   1.222130
 96   0.661217   1.236465
 97   0.665131   1.249405
 98   0.668236   1.258179
 99   0.670937   1.262535
100   0.674461   1.263794
101   0.676292   1.264244
102   0.678040   1.321991
103   0.680054   1.375816
104   0.682327   1.419281
105   0.685524   1.455017
106   0.688751   1.484268
107   0.692413   1.508446
108   0.696228   1.528542
109   0.700104   1.546158
110   0.704239   1.556946
111   0.708710   1.506828
112   0.714577   1.461121
113   0.720627   1.426559
114   0.726295   1.398346
115   0.730888   1.375404
116   0.735901   1.357597
117   0.740265   1.342888
118   0.744530   1.331749
119   0.749069   1.323746
120   0.753685   1.318436
121   0.757835   1.316086
122   0.762390   1.315430
123   0.766449   1.317207
124   0.770798   1.319923
125   0.774551   1.324944
126   0.778854   1.331177
127   0.782532   1.338608
128   0.786079   1.347099
129   0.789955   1.356590
130   0.794464   1.367310
131   0.797844   1.378395
132   0.802582   1.391060
133   0.805962   1.404228
134   0.809608   1.417702
135   0.813286   1.432152
136   0.817146   1.446564
137   0.821007   1.461891
138   0.825066   1.477005
139   0.828827   1.489357
140   0.832352   1.499840
141   0.836060   1.508896
142   0.837524   1.548050
143   0.839546   1.668571
144   0.841324   1.766846
145   0.843742   1.846870
146   0.846817   1.912537
147   0.850204   1.964508
148   0.854065   2.007225
149   0.857323   2.041634
150   0.860748   2.070190
151   0.864250   2.093941
152   0.867554   2.114563
153   0.871323   2.132515
154   0.875191   2.138710
155   0.880280   2.078896
156   0.884979   2.003891
157   0.889244   1.942207
158   0.894218   1.890366
159   0.898811   1.847839
160   0.902763   1.812225
161   0.907234   1.781975
162   0.911713   1.756790
163   0.915123   1.735207
164   0.918991   1.716881
165   0.923042   1.701988
166   0.926926   1.689774
167   0.931366   1.680077
168   0.935013   1.672966
169   0.939026   1.667717
170   0.943672   1.665054
171   0.947121   1.663948
172   0.951286   1.663986
173   0.954872   1.665901
174   0.958603   1.669724
175   0.962372   1.674576
176   0.966660   1.680550
177   0.970345   1.688202
178   0.974037   1.696342
179   0.977608   1.705688
180   0.982010   1.716370
181   0.985748   1.728210
182   0.988922   1.764366
183   0.990883   1.940979
184   0.993263   2.088684
185   0.995880   2.211922
186   0.998146   2.312866
187   1.000999   2.395782
188   1.005051   2.464005
189   1.008705   2.519188
190   1.012421   2.564247
191   1.015823   2.599678
192   1.019302   2.629005
193   1.023346   2.652878
194   1.027191   2.673004
195   1.031433   2.689644
196   1.035355   2.705360
197   1.039925   2.719307
198   1.044197   2.731865
199   1.047791   2.698662
200   1.051460   2.606087
201   1.054932   2.522285
202   1.058563   2.453285
203   1.061546   2.395088
204   1.065331   2.346153
205   1.068748   2.305031
206   1.071854   2.269005
207   1.074974   2.238197
208   1.078362   2.211548
209   1.082291   2.188438
210   1.086151   2.167542
211   1.090324   2.149521
212   1.093819   2.133095
213   1.097557   2.118866
214   1.101761   2.106422
215   1.104836   2.095505
216   1.108604   2.085945
217   1.113014   2.078400
218   1.117554   2.072678
219   1.121750   2.067802
220   1.125305   2.065254
221   1.130272   2.063942
222   1.134087   2.064911
223   1.136993   2.213860
224   1.140427   2.382507
225   1.143959   2.527542
226   1.148155   2.651657
227   1.151962   2.757195
228   1.155296   2.846046
229   1.159943   2.920731
230   1.165001   2.982735
231   1.168884   3.033798
232   1.173050   3.075432
233   1.177139   3.109444
234   1.181519   3.137817
235   1.185524   3.160767
236   1.189919   3.179070
237   1.194145   3.193771
238   1.198769   3.206367
239   1.203400   3.212585
240   1.207924   3.213722
241   1.212669   3.210266
242   1.217545   3.203087
243   1.222977   3.194130
244   1.227402   3.182678
245   1.228882   3.137863
246   1.230659   3.059555
247   1.232254   2.995270
248   1.233986   2.942200
249   1.235825   2.897285
250   1.238182   2.858925
251   1.240410   2.826416
252   1.243500   2.797775
253   1.246498   2.772514
254   1.249535   2.749657
255   1.252464   2.728844
256   1.255432   2.708504
257   1.259209   2.689674
258   1.263313   2.672562
259   1.266792   2.656441
260   1.270668   2.641563
261   1.274704   2.627647
262   1.279366   2.671051
263   1.284210   2.784630
264   1.289108   2.888969
265   1.293625   2.984489
266   1.298561   3.072250
267   1.303032   3.152328
268   1.307877   3.224205
269   1.311928   3.288696
270   1.316734   3.345146
271   1.321632   3.395004
272   1.325829   3.438713
273   1.330589   3.475716
274   1.334892   3.506950
275   1.338570   3.533501
276   1.343369   3.555580
277   1.347893   3.574165
278   1.353752   3.586800
279   1.359169   3.591370
280   1.363960   3.589531
281   1.366730   3.587372
282   1.368599   3.587761
283   1.369125   3.591766
284   1.368660   3.599106
285   1.367378   3.607773
286   1.365303   3.615105
287   1.362915   3.620377
288   1.359947   3.623390
289   1.356628   3.625320
290   1.352943   3.625450
291   1.349419   3.623299
292   1.345245   3.619164
293   1.341988   3.612671
294   1.337990   3.604004
295   1.333939   3.592773
296   1.329643   3.578117
297   1.325447   3.560226
298   1.321281   3.539009
299   1.316925   3.513466
300   1.313316   3.484749
301   1.309227   3.451691
302   1.305046   3.414284
303   1.301544   3.372108
304   1.298111   3.326027
305   1.294632   3.274933
306   1.289474   3.210068
307   1.283463   3.092110
308   1.277344   2.995773
309   1.271484   2.918091
310   1.265793   2.855858
311   1.260437   2.805962
312   1.255074   2.765633
313   1.249611   2.734093
314   1.244141   2.708527
315   1.239708   2.688828
316   1.234909   2.673355
317   1.230652   2.661324
318   1.226540   2.651665
319   1.221741   2.643059
320   1.217369   2.634361
321   1.213531   2.626938
322   1.211960   2.660690
323   1.210518   2.725777
324   1.208488   2.782875
325   1.206093   2.833519
326   1.203133   2.878601
327   1.200081   2.919296
328   1.195984   2.955498
329   1.192200   2.988739
330   1.189056   3.016563
331   1.185066   3.039230
332   1.180687   3.057053
333   1.176689   3.071938
334   1.172691   3.083687
335   1.168434   3.093506
336   1.164627   3.101921
337   1.160965   3.107559
338   1.156448   3.111755
339   1.152718   3.113953
340   1.148766   3.113609
341   1.144241   3.110596
342   1.140564   3.104553
343   1.136993   3.093872
344   1.133224   3.079018
345   1.128700   3.057541
346   1.125511   3.030014
347   1.121925   2.995819
348   1.117867   2.846100
349   1.114151   2.687347
350   1.109787   2.556152
351   1.105621   2.447769
352   1.101395   2.358635
353   1.096870   2.285652
354   1.091995   2.226517
355   1.087250   2.177490
356   1.082603   2.138100
357   1.078079   2.107056
358   1.073280   2.081680
359   1.069061   2.062393
360   1.064445   2.047462
361   1.059288   2.035675
362   1.054749   2.027466
363   1.050240   2.022438
364   1.046486   2.018463
365   1.042229   2.016701
366   1.038124   2.015266
367   1.034378   2.014725
368   1.030151   2.014671
369   1.026299   2.044449
370   1.022675   2.137947
371   1.018661   2.223228
372   1.014870   2.292007
373   1.011116   2.347176
374   1.007729   2.391754
375   1.003761   2.427635
376   1.000000   2.456726
377   0.996620   2.481133
378   0.993286   2.501877
379   0.989586   2.518768
380   0.986115   2.533569
381   0.981728   2.545883
382   0.977776   2.555725
383   0.974617   2.564423
384   0.970703   2.570457
385   0.966705   2.573326
386   0.963066   2.572495
387   0.959206   2.566208
388   0.956444   2.554153
389   0.954659   2.412651
390   0.952011   2.273026
391   0.948837   2.157234
392   0.946251   2.059692
393   0.942749   1.976440
394   0.939224   1.906525
395   0.934723   1.846504
396   0.930771   1.795845
397   0.926903   1.752449
398   0.922813   1.715347
399   0.918686   1.683548
400   0.915359   1.656410
401   0.911095   1.633507
402   0.907028   1.613113
403   0.903091   1.596413
404   0.899185   1.582726
405   0.895119   1.571060
406   0.891220   1.562172
407   0.886978   1.555367
408   0.883057   1.549393
409   0.879265   1.545456
410   0.875351   1.542145
411   0.870865   1.540108
412   0.866493   1.538048
413   0.862244   1.536308
414   0.857529   1.567398
415   0.851990   1.647545
416   0.847595   1.715797
417   0.842987   1.771301
418   0.838768   1.815628
419   0.834564   1.851799
420   0.830551   1.881531
421   0.826904   1.905968
422   0.822510   1.927361
423   0.818970   1.945290
424   0.815102   1.960648
425   0.811127   1.973526
426   0.806992   1.984230
427   0.803581   1.991951
428   0.799438   1.997032
429   0.797638   1.978241
430   0.795944   1.880394
431   0.793907   1.798042
432   0.791092   1.726891
433   0.787895   1.665337
434   0.784996   1.611809
435   0.781769   1.565483
436   0.778374   1.524467
437   0.775055   1.488045
438   0.771454   1.455208
439   0.768143   1.425735
440   0.763802   1.398849
441   0.760086   1.374680
442   0.756432   1.351723
443   0.753387   1.331917
444   0.749222   1.312851
445   0.745285   1.295013
446   0.741821   1.278412
447   0.737556   1.263298
448   0.733887   1.248810
449   0.729332   1.235954
450   0.725891   1.224312
451   0.722343   1.213753
452   0.719368   1.204575
453   0.715088   1.195961
454   0.711060   1.188759
455   0.707138   1.182007
456   0.700951   1.174164
457   0.695137   1.160614
458   0.689545   1.195320
459   0.684441   1.243095
460   0.679214   1.281441
461   0.674255   1.312157
462   0.669197   1.337677
463   0.664307   1.358269
464   0.659691   1.375023
465   0.654457   1.389900
466   0.650131   1.401939
467   0.645012   1.412613
468   0.639847   1.420120
469   0.634415   1.426033
470   0.633087   1.402039
471   0.631279   1.362213
472   0.629692   1.327469
473   0.627617   1.296539
474   0.625175   1.268967
475   0.622925   1.243965
476   0.620171   1.221367
477   0.617409   1.199776
478   0.615532   1.179520
479   0.611702   1.160835
480   0.608391   1.142067
481   0.605629   1.124275
482   0.601616   1.106583
483   0.598450   1.089310
484   0.594925   1.073288
485   0.591629   1.056763
486   0.588852   1.041000
487   0.585129   1.025467
488   0.581795   1.009285
489   0.578217   0.994476
490   0.574318   0.979614
491   0.571037   0.965111
492   0.567673   0.951141
493   0.564041   0.937622
494   0.560295   0.924431
495   0.556534   0.910812
496   0.552437   0.898483
497   0.548264   0.886574
498   0.544319   0.875313
499   0.539299   0.864166
500   0.533897   0.866142
501   0.528435   0.879395
502   0.524048   0.889771
503   0.519394   0.897087
504   0.513985   0.902451
505   0.509933   0.906387
506   0.505417   0.908745
507   0.501785   0.910889
508   0.497154   0.912178
509   0.492851   0.912292
510   0.488800   0.911575
511   0.485138   0.905540
512   0.482353   0.893234
513   0.479263   0.882401
514   0.476524   0.871689
515   0.473038   0.861526
516   0.469444   0.851555
517   0.466331   0.841553
518   0.463058   0.831955
519   0.459473   0.822266
520   0.456482   0.812431
521   0.453552   0.802101
522   0.450699   0.792763
523   0.447609   0.782570
524   0.444206   0.772049
525   0.441254   0.761246
526   0.437912   0.750206
527   0.434975   0.738998
528   0.431755   0.727348
529   0.428574   0.715652
530   0.425217   0.703674
531   0.422287   0.691620
532   0.418625   0.679176
533   0.415504   0.666626
534   0.411354   0.653297
535   0.407814   0.640945
536   0.403931   0.627480
537   0.400314   0.614815
538   0.396553   0.601257
539   0.392830   0.588318
540   0.388405   0.575172
541   0.384010   0.561897
542   0.378883   0.548119
543   0.374092   0.536674
544   0.369217   0.528091
545   0.364342   0.519432
546   0.359756   0.511833
547   0.356232   0.503906
548   0.351433   0.496414
549   0.347054   0.488525
550   0.342697   0.481308
551   0.338448   0.473106
552   0.334564   0.466209
553   0.330811   0.459442
554   0.327644   0.452194
555   0.324646   0.445473
556   0.321289   0.438675
557   0.318817   0.432549
558   0.317116   0.428848
559   0.316505   0.427696
560   0.316437   0.427963
561   0.315819   0.429619
562   0.316971   0.432854
563   0.318588   0.436142
564   0.320534   0.440994
565   0.322525   0.445183
566   0.325546   0.451271
567   0.328323   0.457497
568   0.330849   0.463737
569   0.334366   0.470314
570   0.337288   0.477188
571   0.340950   0.484230
572   0.344833   0.491806
573   0.348061   0.498863
574   0.352051   0.505318
575   0.356079   0.510292
576   0.360947   0.513916
577   0.365364   0.519386
578   0.370422   0.526649
579   0.375137   0.534813
580   0.380196   0.544228
581   0.384796   0.553955
582   0.389793   0.564980
583   0.394547   0.576370
584   0.399071   0.588196
585   0.403526   0.600319
586   0.408058   0.612473
587   0.412140   0.625557
588   0.416794   0.639091
589   0.420761   0.652191
590   0.425354   0.665535
591   0.429291   0.679291
592   0.432869   0.693420
593   0.436447   0.706726
594   0.440765   0.720833
595   0.444893   0.734322
596   0.448654   0.747772
597   0.452110   0.761597
598   0.455528   0.774681
599   0.458801   0.787376
600   0.462852   0.800018
601   0.466515   0.812485
602   0.470505   0.825294
603   0.473793   0.837097
604   0.477379   0.848640
605   0.480156   0.860039
606   0.483963   0.870941
607   0.487320   0.881203
608   0.490089   0.891235
609   0.493835   0.901093
610   0.496971   0.910614
611   0.499603   0.925865
612   0.502731   0.945358
613   0.506187   0.962318
614   0.509392   0.976204
615   0.512856   0.988380
616   0.515869   0.997986
617   0.519577   1.007133
618   0.523163   1.014603
619   0.526878   1.021774
620   0.529724   1.028305
621   0.533791   1.034134
622   0.539520   1.025513
623   0.544746   1.004906
624   0.550018   0.989044
625   0.555107   0.978226
626   0.559975   0.970428
627   0.564575   0.966370
628   0.569374   0.964256
629   0.573586   0.964531
630   0.577972   0.967682
631   0.582787   0.972809
632   0.587547   0.979317
633   0.591568   0.986847
634   0.595711   0.995674
635   0.599762   1.005783
636   0.603203   1.016083
637   0.607635   1.027855
638   0.611206   1.039742
639   0.615021   1.053284
640   0.619278   1.067223
641   0.623337   1.081055
642   0.627098   1.095680
643   0.630554   1.110344
644   0.634331   1.125206
645   0.638016   1.139694
646   0.641212   1.154953
647   0.644653   1.170250
648   0.649078   1.185478
649   0.652367   1.199997
650   0.656029   1.214706
651   0.659058   1.228836
652   0.662186   1.242912
653   0.665962   1.253555
654   0.669357   1.259911
655   0.673004   1.262794
656   0.676041   1.263718
657   0.676666   1.290619
658   0.677940   1.349342
659   0.680138   1.397476
660   0.683395   1.436882
661   0.686737   1.468636
662   0.690620   1.494881
663   0.694778   1.517609
664   0.698624   1.536385
665   0.703217   1.552658
666   0.707512   1.539009
667   0.712898   1.482941
668   0.717865   1.442764
669   0.723381   1.411232
670   0.728638   1.385033
671   0.733635   1.364639
672   0.738853   1.348053
673   0.743599   1.335472
674   0.748009   1.325783
675   0.752411   1.319397
676   0.756485   1.315559
677   0.760529   1.313889
678   0.764915   1.313614
679   0.769012   1.315926
680   0.773125   1.319450
681   0.777122   1.325760
682   0.780998   1.332375
683   0.784752   1.340508
684   0.788445   1.349648
685   0.791847   1.359505
686   0.795547   1.370369
687   0.799774   1.382332
688   0.804008   1.395210
689   0.807556   1.408653
690   0.811317   1.423256
691   0.815056   1.437386
692   0.817986   1.452377
693   0.821976   1.467010
694   0.825836   1.481422
695   0.829185   1.492348
696   0.832710   1.502213
697   0.836105   1.511360
698   0.837524   1.608192
699   0.839233   1.717262
700   0.842010   1.806755
701   0.845055   1.879150
702   0.848366   1.938210
703   0.851952   1.985901
704   0.854942   2.023987
705   0.858017   2.055054
706   0.861847   2.081306
707   0.866074   2.103401
708   0.870270   2.122887
709   0.873802   2.139511
710   0.878304   2.118088
711   0.883194   2.040810
712   0.888084   1.972267
713   0.892799   1.916168
714   0.896530   1.869461
715   0.901436   1.829956
716   0.905167   1.796768
717   0.908928   1.769470
718   0.912926   1.745834
719   0.916809   1.726555
720   0.920097   1.709816
721   0.924393   1.696014
722   0.928314   1.685013
723   0.932487   1.676781
724   0.936111   1.670235
725   0.940521   1.666595
726   0.943924   1.663986
727   0.948006   1.663651
728   0.951622   1.664993
729   0.955872   1.667511
730   0.959435   1.671585
731   0.963676   1.677238
732   0.967819   1.683556
733   0.971237   1.691681
734   0.974739   1.700325
735   0.979370   1.709686
736   0.982475   1.721054
737   0.986282   1.733528
738   0.988251   1.855865
739   0.990959   2.017479
740   0.994186   2.152740
741   0.997040   2.264832
742   1.000107   2.356812
743   1.003723   2.431923
744   1.007195   2.493607
745   1.011284   2.542809
746   1.014862   2.582855
747   1.018845   2.615860
748   1.022758   2.641800
749   1.026215   2.663010
750   1.030785   2.681236
751   1.034683   2.697334
752   1.038979   2.711571
753   1.042542   2.724815
754   1.046692   2.724617
755   1.050507   2.654152
756   1.054306   2.562439
757   1.057556   2.485985
758   1.060951   2.422417
759   1.064178   2.368912
760   1.067368   2.323723
761   1.070839   2.284912
762   1.073936   2.252235
763   1.077103   2.222939
764   1.080505   2.198059
765   1.084023   2.175743
766   1.087708   2.156548
767   1.091675   2.139389
768   1.095917   2.124237
