#Kristallwinkel	Rate bei 33kV
#theta/°	R(33kV)/Imp/s
#
3,5	120,0
3,6	96,0
3,7	85,0
3,8	61,0
3,9	47,0
4,0	35,0
4,1	35,0
4,2	29,0
4,3	24,0
4,4	20,0
4,5	12,0
4,6	17,0
4,7	17,0
4,8	11,0
4,9	14,0
5,0	17,0
5,1	19,0
5,2	21,0
5,3	61,0
5,4	171,0
5,5	309,0
5,6	417,0
5,7	484,0
5,8	624,0
5,9	692,0
6,0	730,0
6,1	798,0
6,2	797,0
6,3	994,0
6,4	912,0
6,5	985,0
6,6	978,0
6,7	1040,0
6,8	1017,0
6,9	1090,0
7,0	1077,0
7,1	1129,0
7,2	1115,0
7,3	1110,0
7,4	1098,0
7,5	1117,0
7,6	1038,0
7,7	1104,0
7,8	1067,0
7,9	1114,0
8,0	1066,0
8,1	1034,0
8,2	1002,0
8,3	1056,0
8,4	950,0
8,5	1086,0
8,6	985,0
8,7	998,0
8,8	1136,0
8,9	1386,0
9,0	2870,0
9,1	3467,0
9,2	1741,0
9,3	1167,0
9,4	1113,0
9,5	1177,0
9,6	1122,0
9,7	1158,0
9,8	1142,0
9,9	1132,0
10,0	1709,0
10,1	4025,0
10,2	9725,0
10,3	8720,0
10,4	3810,0
10,5	1232,0
10,6	1123,0
10,7	1117,0
10,8	1088,0
10,9	1068,0
11,0	1123,0
11,1	1162,0
11,2	1238,0
11,3	1356,0
11,4	1412,0
11,5	1703,0
11,6	1840,0
11,7	2071,0
11,8	2225,0
11,9	2298,0
12,0	2482,0
12,1	2449,0
12,2	2406,0
12,3	2396,0
12,4	2328,0
12,5	2378,0
12,6	2425,0
12,7	2367,0
12,8	2346,0
12,9	2367,0
13,0	2249,0
13,1	2234,0
13,2	2193,0
13,3	2168,0
13,4	2045,0
13,5	2080,0
13,6	2168,0
13,7	2252,0
13,8	2254,0
13,9	2137,0
14,0	1903,0
14,1	1459,0
14,2	970,0
14,3	741,0
14,4	658,0
14,5	631,0
14,6	620,0
14,7	593,0
14,8	573,0
14,9	524,0
15,0	495,0
15,1	466,0
15,2	442,0
15,3	451,0
15,4	422,0
15,5	419,0
15,6	423,0
15,7	402,0
15,8	399,0
15,9	361,0
16,0	360,0
16,1	341,0
16,2	345,0
16,3	337,0
16,4	351,0
16,5	320,0
16,6	318,0
16,7	300,0
16,8	311,0
16,9	274,0
17,0	275,0
17,1	265,0
17,2	267,0
17,3	273,0
17,4	260,0
17,5	246,0
17,6	253,0
17,7	246,0
17,8	249,0
17,9	276,0
18,0	356,0
18,1	343,0
18,2	341,0
18,3	451,0
18,4	638,0
18,5	432,0
18,6	257,0
18,7	245,0
18,8	237,0
18,9	228,0
19,0	221,0
19,1	231,0
19,2	235,0
19,3	211,0
19,4	220,0
19,5	202,0
19,6	210,0
19,7	204,0
19,8	210,0
19,9	205,0
20,0	212,0
20,1	209,0
20,2	214,0
20,3	244,0
20,4	302,0
20,5	400,0
20,6	965,0
20,7	1795,0
20,8	1854,0
20,9	933,0
21,0	395,0
21,1	190,0
21,2	159,0
21,3	177,0
21,4	169,0
21,5	156,0
21,6	157,0
21,7	154,0
21,8	146,0
21,9	143,0
22,0	143,0
22,1	136,0
22,2	144,0
22,3	146,0
22,4	145,0
22,5	140,0
22,6	139,0
22,7	146,0
22,8	140,0
22,9	136,0
23,0	136,0
23,1	139,0
23,2	137,0
23,3	120,0
23,4	127,0
23,5	133,0
23,6	135,0
23,7	122,0
23,8	119,0
23,9	116,0
24,0	123,0
24,1	110,0
24,2	112,0
24,3	100,0
24,4	109,0
24,5	92,0
24,6	93,0
24,7	100,0
24,8	97,0
24,9	96,0
25,0	87,0
25,1	91,0
25,2	98,0
25,3	97,0
25,4	98,0
25,5	94,0
25,6	91,0
25,7	96,0
25,8	93,0
25,9	92,0
26,0	82,0
26,1	87,0
26,2	96,0
26,3	85,0
26,4	84,0
26,5	77,0
26,6	81,0
26,7	76,0
26,8	82,0
26,9	81,0
27,0	88,0
27,1	82,0
27,2	69,0
27,3	68,0
27,4	75,0
27,5	74,0
27,6	69,0
27,7	68,0
27,8	70,0
27,9	63,0
28,0	70,0
28,1	96,0
28,2	114,0
28,3	83,0
28,4	62,0
28,5	62,0
28,6	60,0
28,7	68,0
28,8	55,0
28,9	50,0
29,0	59,0
29,1	56,0
29,2	59,0
29,3	52,0
29,4	54,0
29,5	50,0
29,6	59,0
29,7	51,0
29,8	49,0
29,9	42,0
30,0	46,0
30,1	45,0
30,2	39,0
30,3	52,0
30,4	49,0
30,5	46,0
30,6	46,0
30,7	45,0
30,8	0,0
30,9	47,0
31,0	39,0
31,1	38,0
31,2	51,0
31,3	51,0
31,4	46,0
31,5	53,0
31,6	45,0
31,7	59,0
31,8	90,0
31,9	189,0
32,0	209,0
32,1	186,0
32,2	147,0
32,3	91,0
32,4	46,0
32,5	40,0
32,6	49,0
32,7	43,0
32,8	43,0
32,9	38,0
33,0	46,0
33,1	41,0
33,2	43,0
33,3	39,0
33,4	31,0
33,5	31,0
33,6	39,0
33,7	40,0
33,8	38,0
33,9	33,0
34,0	32,0
34,1	34,0
34,2	33,0
34,3	34,0
34,4	38,0
34,5	37,0
34,6	37,0
34,7	33,0
34,8	34,0
34,9	38,0
35,0	32,0
35,1	34,0
35,2	36,0
35,3	29,0
35,4	27,0
35,5	28,0
35,6	27,0
35,7	28,0
35,8	34,0
35,9	31,0
36,0	28,0
36,1	33,0
36,2	30,0
36,3	31,0
36,4	26,0
36,5	22,0
36,6	29,0
36,7	29,0
36,8	27,0
36,9	30,0
37,0	29,0
37,1	23,0
37,2	23,0
37,3	26,0
37,4	26,0
37,5	29,0
37,6	29,0
37,7	27,0
37,8	24,0
37,9	28,0
38,0	23,0
38,1	20,0
38,2	19,0
38,3	27,0
38,4	22,0
38,5	25,0
38,6	23,0
38,7	25,0
38,8	24,0
38,9	31,0
39,0	31,0
39,1	24,0
39,2	28,0
39,3	22,0
39,4	22,0
39,5	23,0
39,6	23,0
39,7	23,0
39,8	18,0
39,9	22,0
40,0	17,0
