.06104853953486088489
.06279051952931750314
.06453230825296221417
.06627390040000449676
.06801529066525263608
.06975647374412988427
.07149744433269061910
.07323819712763650066
.07497872682633262620
.07671902812682368280
.07845909572785009813
.08019892432886418891
.08193850863004630737
.08367784333232098540
.08541692313737307643
.08715574274766389507
.08889429686644735425
.09063258019778610011
.09237058744656764428
.09410831331852049379
.09584575252023027821
.09758289975915587445
.09931974974364552868
.10105629718295297560
.10279253678725355507
.10452846326766032568
.10626407133624017579
.10799935570602993134
.10973431109105246097
.11146893220633277793
.11320321376791413910
.11493715049287414084
.11667073709934081160
.11840396830650870154
.12013683883465496867
.12186934340515546190
.12360147674050080054
.12533323356431245061
.12706460860135879754
.12879559657757121544
.13052619222006013290
.13225639025713109500
.13398618541830082195
.13571557243431326375
.13744454603715565141
.13917310096007454407
.14090123193759187261
.14262893370552097904
.14435620100098265229
.14608302856242115973
.14780941112962027483
.14953534344371930069
.15126082024722908944
.15298583628404805746
.15471038629947819638
.15643446504024107980
.15815806725449386568
.15988118769184529437
.16160382110337168225
.16332596224163291076
.16504760586068841113
.16676874671611314435
.16848937956501357665
.17020949916604365017
.17192910027942074915
.17364817766694166108
.17536672609199853327
.17708474031959482443
.17880221511636125134
.18051914525057173068
.18223552549215931572
.18395135061273212802
.18566661538558928402
.18738131458573681649
.18909544298990359075
.19080899537655721567
.19252196652591994938
.19423435121998459954
.19594614424253041844
.19765734037913899234
.19936793441721012565
.20107792114597771930
.20278729535652564370
.20449605184180360596
.20620418539664301153
.20791169081777281998
.20961856290383539509
.21132479645540234912
.21303038627499038110
.21473532716707710934
.21643961393811689784
.21814324139655667676
.21984620435285175678
.22154849761948163734
.22325011601096580877
.22495105434387954809
.22665130743686970872
.22835087011067050367
.23004973718811928258
.23174790349417230217
.23344536385592049042
.23514211310260520401
.23683814606563397951
.23853345757859627769
.24022804247727922132
.24192189559968332632
.24361501178603822602
.24530738587881838881
.24699901272275882875
.24868988716487080950
.25038000405445754114
.25206935824312987016
.25375794458482196228
.25544575793580697828
.25713279315471274271
.25881904510253740536
.26050450864266509560
.26218917864088156934
.26387304996538984879
.26555611748682585478
.26723837607827403171
.26891982061528296499
.27060044597588099104
.27228024704059179971
.27395921869245002904
.27563735581701685248
.27731465330239555834
.27899110603924712151
.28066670892080576738
.28234145684289452796
.28401534470394079008
.28568836740499183565
.28736051984973037399
.28903179694449006602
.29070219359827104056
.29237170472275540231
.29404032523232273179
.29570805004406557700
.29737487407780493686
.29904079225610573632
.30070579950429229305
.30236989075046377589
.30403306092550965460
.30569530496312514139
.30735661779982662365
.30901699437496708829
.31067642963075153726
.31233491851225239456
.31399245596742490437
.31564903694712252043
.31730465640511228671
.31895930929809020901
.32061299058569661782
.32226569523053152203
.32391741819816995387
.32556815445717730449
.32721789897912465067
.32886664673860407229
.33051439271324396053
.33216113188372431696
.33380685923379204320
.33545156975027622135
.33709525842310338490
.33873792024531278039
.34037955021307161938
.34202014332569032106
.34365969458563774520
.34529819899855641544
.34693565157327773307
.34857204732183718093
.35020738125948951763
.35184164840472396192
.35347484377927936731
.35510696240815938663
.35673799931964762678
.35836794954532279347
.35999680812007382579
.36162457008211502092
.36325123047300114849
.36487678433764255494
.36650122672432025754
.36812455268470102819
.36974675727385246691
.37136783555025806496
.37298778257583225756
.37460659341593546613
.37622426313938913010
.37784078681849072808
.37945615952902878858
.38107037635029788990
.38268343236511364957
.38429532265982770283
.38590604232434267058
.38751558645212711628
.38912395014023049213
.39073112848929807436
.39233711660358588742
.39394190959097561736
.39554550256298951398
.39714789063480528208
.39874906892527096136
.40034903255691979538
.40194777665598508907
.40354529635241505512
.40514158677988764899
.40673664307582539255
.40833046038141018639
.40992303384159811054
.41151435860513421387
.41310442982456729177
.41469324265626465238
.41628079226042687113
.41786707380110253356
.41945208244620296655
.42103581336751695760
.42261826174072546251
.42419942274541630099
.42577929156509884054
.42735786338721866827
.42893513340317225082
.43051109680832158219
.43208574880200881944
.43365908458757090641
.43523109937235418515
.43680178836772899517
.43837114678910426043
.43993916985594206407
.44150585279177221073
.44307119082420677649
.44463517918495464645
.44619781310983603969
.44775908783879702187
.44931899861592400511
.45087754068945823540
.45243470931181026718
.45399049973957442544
.45554490723354325486
.45709792705872195631
.45864955448434281047
.46019978478387958850
.46174861323506194996
.46329603511988982757
.46484204572464779914
.46638664033991944628
.46792981426060170018
.46947156278591917411
.47101188121943848283
.47255076486908254874
.47408820904714489471
.47562420907030392374
.47715876025963718509
.47869185794063562712
.48022349744321783664
.48175367410174426482
.48328238325503143952
.48480962024636616403
.48633538042351970229
.48785965913876195034
.48938245174887559411
.49090375361517025349
.49242356010349661260
.49394186658426053612
.49545866843243717198
.49697396102758503985
.49848773975386010591
.50000000000002984345
.50151073715948727950
.50301994663026502736
.50452762381504930499
.50603376412119393923
.50753836296073435576
.50904141575040155490
.51054291791163607297
.51204286487060192946
.51354125205820055964
.51503807491008473288
.51653332886667245645
.51802700937316086473
.51951911187954009404
.52100963184060714263
.52249856471597971629
.52398590597011005902
.52547165107229876918
.52695579549670860077
.52843833472237824984
.52991926423323612626
.53139857951811411032
.53287627607076129463
.53435234938985771088
.53582679497902804168
.53729960834685531727
.53877078500689459718
.54024032047768663671
.54170821028277153821
.54317444995070238719
.54463903501505887310
.54610196101446089482
.54756322349258215082
.54902281799816371388
.55048074008502759039
.55193698531209026421
.55339154924337622497
.55484442744803148077
.55629561550033705544
.55774510897972246992
.55919290347077920818
.56063899456327416727
.56208337785216309170
.56352604893760399188
.56496700342497054693
.56640623692486549135
.56784374505313398597
.56927952343087697282
.57071356768446451398
.57214587344554911448
.57357643635107902899
.57500525204331155247
.57643231616982629457
.57785762438353843792
.57928117234271198003
.58070295571097295902
.58212297015732266295
.58354121135615082279
.58495767498724878901
.58637235673582269163
.58778525229250658388
.58919635735337556924
.59060566761995891198
.59201317879925313102
.59341888660373507713
.59482278675137499358
.59622487496564955981
.59762514697555491856
.59902359851561968603
.60042022532591794529
.60181502315208222270
.60320798774531644753
.60459911486240889446
.60598840026574510913
.60737583972332081674
.60876142900875481336
.61014516390130184029
.61152704018586544115
.61290705365301080183
.61428520009897757310
.61566147532569267606
.61703587514078309015
.61840839535758862385
.61977903179517466801
.62114778027834493165
.62251463663765416039
.62387959670942083723
.62524265633573986594
.62660381136449523665
.62796305764937267401
.62932039104987226754
.63067580743132108431
.63202930266488576389
.63338087262758509544
.63473051320230257713
.63607822027779895746
.63742398974872475892
.63876781751563278353
.64010969948499060049
.64144963156919301579
.64278760968657452376
.64412362976142174054
.64545768772398581938
.64678977951049484785
.64811990106316622674
.64944804833021903083
.65077421726588635125
.65209840383042761964
.65342060399014091388
.65474081371737524545
.65605902899054282834
.65737524579413132952
.65868946011871610089
.66000166796097239266
.66131186532368754821
.66262004821577318023
.66392621265227732834
.66523035465439659790
.66653247024948828014
.66783255547108245355
.66913060635889406636
.67042661895883500037
.67172058932302611565
.67301251350980927662
.67430238758375935887
.67559020761569623726
.67687596968269675483
.67815966986810667272
.67944130426155260099
.68072086895895391024
.68199836006253462421
.68327377368083529300
.68454710592872484717
.68581835292741243249
.68708751080445922547
.68835457569379022943
.68961954373570605123
.69088241107689465861
.69214317387044311806
.69340182827584931313
.69465837045903364331
.69591279659235070331
.69716510285460094267
.69841528543104230587
.69966334051340185266
.70090926429988735871
.70215305299519889654
.70339470281054039668
.70463420996363118898
.70587157067871752406
.70710678118658407502
.70833983772456541897
.70957073653655749889
.71079947387302906532
.71202604599103309808
.71325044915421820796
.71447267963284001824
.71569273370377252622
.71691060765051944444
.71812629776322552181
.71933980033868784444
.72055111168036711628
.72176022809839891940
.72296714590960495391
.72417186143750425766
.72537437101232440534
.72657467097101268732
.72777275765724726787
.72896862742144832302
.73016227662078915779
.73135370161920730282
.73254289878741559056
.73372986450291321056
.73491459514999674439
.73609708711977117957
.73727733681016090298
.73845534062592067335
.73963109497864657304
.74080459628678693890
.74197584097565327235
.74314482547743112847
.74431154623119098414
.74547599968289908535
.74663818228542827331
.74779809049856878966
.74895572078903906055
.75011106963049645965
.75126413350354804994
.75241490889576130448
.75356339230167480583
.75470958022280892427
.75585346916767647487
.75699505565179335306
.75813433619768914905
.75927130733491774075
.76040596560006786541
.76153830753677366971
.76266832969572523850
.76379602863467910197
.76492140091846872133
.76604444311901495291
.76716515181533649069
.76828352359356028723
.76939955504693195287
.77051324277582613333
.77162458338775686555
.77273357349738791177
.77384020972654307191
.77494448870421647400
.77604640706658284290
.77714596145700774709
.77824314852605782356
.77933796493151098075
.78043040733836657954
.78152047241885559226
.78260815685245073965
.78369345732587660572
.78477637053311973063
.78585689317543868131
.78693502196137410004
.78801075360675873083
.78908408483472742348
.79015501237572711558
.79122353296752679203
.79228964335522742248
.79335334029127187620
.79441462053545481479
.79547348085493256238
.79652991802423295337
.79758392882526515792
.79863551004732948465
.79968465848712716111
.80073137094877009151
.80177564424379059201
.80281747519115110329
.80385686061725388057
.80489379735595066095
.80592828224855230799
.80696031214383843372
.80798988389806699771
.80901699437498388351
.81004164044583245220
.81106381898936307315
.81208352689184263185
.81310076104706401490
.81411551835635557209
.81512779572859055541
.81613759008019653525
.81714489833516479342
.81814971742505969326
.81915204428902802659
