40000 1418738828
40000 1418738829
40005 1418738830
40002 1418738831
40003 1418738832
40000 1418738833
40002 1418738834
40003 1418738835
40003 1418738836
40001 1418738837
40002 1418738838
40004 1418738839
40000 1418738840
40002 1418738841
40003 1418738842
40000 1418738843
40002 1418738844
40002 1418738845
40001 1418738846
40001 1418738847
40000 1418738848
40001 1418738849
40001 1418738850
40002 1418738851
40006 1418738852
40001 1418738853
40000 1418738854
40002 1418738855
40000 1418738856
40003 1418738857
40000 1418738858
40000 1418738859
40000 1418738860
40000 1418738861
40000 1418738862
40000 1418738863
40000 1418738864
40000 1418738865
40000 1418738866
40000 1418738867
40000 1418738868
40000 1418738869
40000 1418738870
40000 1418738871
40000 1418738872
40000 1418738873
40000 1418738874
40000 1418738875
40000 1418738876
40000 1418738877
40000 1418738878
40000 1418738879
40000 1418738880
40000 1418738881
40000 1418738882
40000 1418738883
40000 1418738884
40000 1418738885
40002 1418738886
40002 1418738887
40001 1418738888
40000 1418738889
40003 1418738890
40001 1418738891
40002 1418738892
40001 1418738893
40002 1418738894
40001 1418738895
40004 1418738896
40002 1418738897
40001 1418738898
40002 1418738899
40004 1418738900
40001 1418738901
40003 1418738902
40001 1418738903
40001 1418738904
40001 1418738905
40002 1418738906
40002 1418738907
40001 1418738908
40001 1418738909
40000 1418738910
40003 1418738911
40000 1418738912
40000 1418738913
40000 1418738914
40002 1418738915
40000 1418738916
40000 1418738917
40000 1418738918
40000 1418738919
40000 1418738920
40000 1418738921
40000 1418738922
40000 1418738923
40000 1418738924
40000 1418738925
40000 1418738926
40000 1418738927
40000 1418738928
40000 1418738929
40000 1418738930
40004 1418738931
40003 1418738932
40000 1418738933
40001 1418738934
40003 1418738935
40003 1418738936
40002 1418738937
40000 1418738938
40003 1418738939
40002 1418738940
40001 1418738941
40003 1418738942
40002 1418738943
40001 1418738944
40005 1418738945
40003 1418738946
40004 1418738947
40004 1418738948
40003 1418738949
40004 1418738950
40006 1418738951
40002 1418738952
40000 1418738953
40001 1418738954
40005 1418738955
40003 1418738956
40000 1418738957
40002 1418738958
40002 1418738959
40000 1418738960
40001 1418738961
40000 1418738962
40000 1418738963
40000 1418738964
40000 1418738965
40000 1418738966
40000 1418738967
40000 1418738968
40000 1418738969
40000 1418738970
40000 1418738971
40000 1418738972
40000 1418738973
40000 1418738974
40000 1418738975
40000 1418738976
40000 1418738977
40000 1418738978
40000 1418738979
40000 1418738980
40000 1418738981
40000 1418738982
40000 1418738983
40000 1418738984
40000 1418738985
40000 1418738986
40000 1418738987
40000 1418738988
40001 1418738989
40003 1418738990
40002 1418738991
40001 1418738992
40001 1418738993
40002 1418738994
40002 1418738995
40003 1418738996
40004 1418738997
40003 1418738998
40003 1418738999
40001 1418739000
40001 1418739001
40004 1418739002
40002 1418739003
40004 1418739004
40001 1418739005
40003 1418739006
40000 1418739007
40001 1418739008
40002 1418739009
40001 1418739010
40002 1418739011
40001 1418739012
40003 1418739013
40003 1418739014
40002 1418739015
40004 1418739016
40001 1418739017
40004 1418739018
40000 1418739019
40000 1418739020
40000 1418739021
40000 1418739022
40000 1418739023
40000 1418739024
40000 1418739025
40000 1418739026
40000 1418739027
40000 1418739028
40000 1418739029
40000 1418739030
40000 1418739031
40000 1418739032
40000 1418739033
40000 1418739034
40000 1418739035
40000 1418739036
40000 1418739037
40000 1418739038
40000 1418739039
40000 1418739040
40000 1418739041
40004 1418739042
40002 1418739043
40002 1418739044
40001 1418739045
40002 1418739046
40004 1418739047
40002 1418739048
40001 1418739049
40002 1418739050
40000 1418739051
40003 1418739052
40002 1418739053
40002 1418739054
40005 1418739055
40002 1418739056
40004 1418739057
40002 1418739058
40004 1418739059
40005 1418739060
40004 1418739061
40002 1418739062
40001 1418739063
40001 1418739064
40001 1418739065
40001 1418739066
40005 1418739067
40002 1418739068
40000 1418739069
40001 1418739070
40002 1418739072
40000 1418739073
40000 1418739074
40000 1418739075
40000 1418739076
40000 1418739077
40000 1418739078
40000 1418739079
40000 1418739080
40000 1418739081
40000 1418739082
40000 1418739083
40000 1418739084
40000 1418739085
40000 1418739086
40000 1418739087
40000 1418739088
40000 1418739089
40000 1418739090
40000 1418739091
40000 1418739092
40000 1418739093
40002 1418739094
40004 1418739095
40006 1418739096
40001 1418739097
40002 1418739098
40001 1418739099
40002 1418739100
40000 1418739101
40004 1418739102
40000 1418739103
1480 1418739103
40002 1418739104
40002 1418739105
40002 1418739106
40001 1418739107
40000 1418739108
40001 1418739109
40005 1418739110
40003 1418739111
40000 1418739112
40002 1418739113
40000 1418739114
40003 1418739115
40003 1418739116
40005 1418739117
40002 1418739118
40003 1418739119
40006 1418739120
40000 1418739121
40001 1418739122
40004 1418739123
40000 1418739124
40000 1418739125
40000 1418739126
40000 1418739127
40000 1418739128
40000 1418739129
40000 1418739130
40000 1418739131
40000 1418739132
40000 1418739133
40000 1418739134
40000 1418739135
40000 1418739136
40000 1418739137
40000 1418739138
40000 1418739139
40000 1418739140
40003 1418739141
40003 1418739142
40003 1418739143
40004 1418739144
40003 1418739145
40004 1418739146
40003 1418739147
40003 1418739148
40003 1418739149
40000 1418739150
40001 1418739151
40005 1418739152
40003 1418739153
40003 1418739154
40003 1418739155
40002 1418739156
40005 1418739157
40003 1418739158
40004 1418739159
40005 1418739160
40003 1418739161
40001 1418739162
40002 1418739163
40005 1418739164
40002 1418739165
40004 1418739166
40002 1418739167
40003 1418739168
40002 1418739169
40004 1418739170
40001 1418739171
40000 1418739172
40000 1418739173
40000 1418739174
40000 1418739175
40000 1418739176
40000 1418739177
40000 1418739178
40000 1418739179
40000 1418739180
40000 1418739181
40000 1418739182
40000 1418739183
40000 1418739184
40000 1418739185
40000 1418739186
40000 1418739187
40001 1418739188
40004 1418739189
40003 1418739190
40006 1418739191
40006 1418739192
40005 1418739193
40004 1418739194
40002 1418739195
40002 1418739196
40006 1418739197
40005 1418739198
40002 1418739199
40005 1418739200
40003 1418739201
40003 1418739202
40004 1418739203
40001 1418739204
40006 1418739205
40004 1418739206
40003 1418739207
40007 1418739208
40006 1418739209
40002 1418739210
40003 1418739211
40005 1418739212
40002 1418739213
40007 1418739214
40003 1418739215
40006 1418739216
40004 1418739217
40003 1418739218
40000 1418739219
40000 1418739220
40000 1418739221
40000 1418739222
40000 1418739223
40000 1418739224
40000 1418739225
40000 1418739226
40000 1418739227
40000 1418739228
40000 1418739229
40000 1418739230
40000 1418739231
40000 1418739232
40000 1418739233
40000 1418739234
40000 1418739235
40000 1418739236
40000 1418739237
40000 1418739238
40000 1418739239
40000 1418739240
40000 1418739241
40000 1418739242
40000 1418739243
40000 1418739244
40004 1418739245
40011 1418739246
60 1418739246
40007 1418739247
40004 1418739248
40009 1418739249
40005 1418739250
60 1418739251
40006 1418739251
40004 1418739252
40009 1418739253
40005 1418739254
40006 1418739255
40007 1418739256
40009 1418739257
40005 1418739258
40006 1418739259
40007 1418739260
40005 1418739261
40007 1418739262
40001 1418739263
40004 1418739264
40004 1418739265
40006 1418739266
40003 1418739267
40011 1418739268
40007 1418739269
40004 1418739270
40009 1418739271
40008 1418739272
40006 1418739273
40002 1418739274
40000 1418739275
40000 1418739276
40000 1418739277
40000 1418739278
40000 1418739279
40000 1418739280
40000 1418739281
40000 1418739282
40000 1418739283
40000 1418739284
40000 1418739285
40000 1418739286
40000 1418739287
40000 1418739288
40000 1418739289
40000 1418739290
40000 1418739291
40000 1418739292
40000 1418739293
40000 1418739294
40000 1418739295
40000 1418739296
40000 1418739297
40000 1418739298
40000 1418739299
40000 1418739300
40000 1418739301
40000 1418739302
40000 1418739303
40000 1418739304
40000 1418739305
40000 1418739306
40000 1418739307
40000 1418739308
40000 1418739309
1160 1418739310
400 1418739310
1160 1418739310
780 1418739310
1160 1418739310
400 1418739310
380 1418739310
760 1418739310
1540 1418739310
380 1418739310
40020 1418739310
220 1418739310
200 1418739310
400 1418739311
400 1418739311
1560 1418739311
400 1418739311
380 1418739311
420 1418739311
240 1418739311
1160 1418739311
1160 1418739311
1560 1418739311
980 1418739311
1180 1418739311
780 1418739311
380 1418739311
40032 1418739311
380 1418739311
360 1418739311
760 1418739312
420 1418739312
400 1418739312
380 1418739312
60 1418739312
380 1418739312
780 1418739312
400 1418739312
200 1418739312
400 1418739312
1160 1418739312
1180 1418739312
1180 1418739312
1160 1418739312
200 1418739312
40039 1418739312
1160 1418739312
980 1418739313
380 1418739313
1000 1418739313
380 1418739313
1160 1418739313
960 1418739313
1160 1418739313
380 1418739313
180 1418739313
380 1418739313
1160 1418739313
380 1418739313
780 1418739313
200 1418739313
380 1418739313
40035 1418739313
380 1418739313
400 1418739314
380 1418739314
1160 1418739314
380 1418739314
380 1418739314
780 1418739314
380 1418739314
200 1418739314
380 1418739314
380 1418739314
220 1418739314
400 1418739314
400 1418739314
380 1418739314
200 1418739314
380 1418739314
40039 1418739314
1560 1418739314
400 1418739315
400 1418739315
1160 1418739315
380 1418739315
760 1418739315
1540 1418739315
1540 1418739315
220 1418739315
1560 1418739315
1160 1418739315
380 1418739315
400 1418739315
200 1418739315
1160 1418739315
1160 1418739315
60 1418739315
40026 1418739315
360 1418739315
400 1418739316
380 1418739316
1160 1418739316
1580 1418739316
1340 1418739316
1140 1418739316
180 1418739316
1160 1418739316
1160 1418739316
1140 1418739316
800 1418739316
1160 1418739316
1160 1418739316
1160 1418739316
1180 1418739316
40028 1418739316
400 1418739316
220 1418739317
400 1418739317
380 1418739317
380 1418739317
200 1418739317
1560 1418739317
960 1418739317
380 1418739317
360 1418739317
780 1418739317
1160 1418739317
380 1418739317
1160 1418739317
1160 1418739317
220 1418739317
780 1418739317
40033 1418739317
400 1418739317
420 1418739318
1160 1418739318
1160 1418739318
1160 1418739318
200 1418739318
1160 1418739318
220 1418739318
1180 1418739318
1160 1418739318
380 1418739318
400 1418739318
60 1418739318
780 1418739318
1160 1418739318
1600 1418739318
380 1418739318
40032 1418739318
380 1418739319
200 1418739319
380 1418739319
380 1418739319
220 1418739319
380 1418739319
1540 1418739319
220 1418739319
380 1418739319
220 1418739319
1160 1418739319
1540 1418739319
780 1418739319
1140 1418739319
380 1418739319
1560 1418739319
200 1418739319
40031 1418739320
1160 1418739320
1160 1418739320
760 1418739320
960 1418739320
380 1418739320
1560 1418739320
780 1418739320
220 1418739320
380 1418739320
1160 1418739320
1160 1418739320
960 1418739320
400 1418739320
400 1418739320
1540 1418739320
980 1418739320
400 1418739320
40032 1418739321
380 1418739321
960 1418739321
780 1418739321
1160 1418739321
1180 1418739321
1140 1418739321
220 1418739321
400 1418739321
1180 1418739321
1140 1418739321
220 1418739321
380 1418739321
1160 1418739321
380 1418739321
1160 1418739321
40026 1418739322
380 1418739322
1140 1418739322
400 1418739322
380 1418739322
220 1418739322
380 1418739322
1160 1418739322
380 1418739322
1160 1418739322
380 1418739322
60 1418739322
400 1418739322
400 1418739322
780 1418739322
380 1418739322
420 1418739322
380 1418739323
40048 1418739323
780 1418739323
1160 1418739323
380 1418739323
1160 1418739323
200 1418739323
200 1418739323
1180 1418739323
400 1418739323
380 1418739323
420 1418739323
1160 1418739323
780 1418739323
180 1418739323
380 1418739323
1520 1418739323
380 1418739323
40030 1418739324
1160 1418739324
400 1418739324
1160 1418739324
200 1418739324
1160 1418739324
380 1418739324
1560 1418739324
200 1418739324
1180 1418739324
1160 1418739324
380 1418739324
400 1418739324
380 1418739324
1140 1418739324
1160 1418739324
200 1418739324
380 1418739325
40032 1418739325
420 1418739325
200 1418739325
380 1418739325
180 1418739325
1160 1418739325
1180 1418739325
400 1418739325
360 1418739325
200 1418739325
380 1418739325
1520 1418739325
780 1418739325
1560 1418739325
200 1418739325
1180 1418739325
1160 1418739325
400 1418739326
40028 1418739326
380 1418739326
760 1418739326
400 1418739326
780 1418739326
380 1418739326
1160 1418739326
380 1418739326
1160 1418739326
220 1418739326
1160 1418739326
380 1418739326
200 1418739326
1520 1418739326
740 1418739326
200 1418739326
60 1418739326
420 1418739327
40027 1418739327
1160 1418739327
800 1418739327
60 1418739327
200 1418739327
380 1418739327
380 1418739327
1160 1418739327
360 1418739327
220 1418739327
200 1418739327
400 1418739327
200 1418739327
1140 1418739327
380 1418739327
1160 1418739327
1140 1418739327
360 1418739328
40029 1418739328
1140 1418739328
220 1418739328
1160 1418739328
760 1418739328
380 1418739328
400 1418739328
980 1418739328
400 1418739328
420 1418739328
420 1418739328
1160 1418739328
1160 1418739328
380 1418739328
380 1418739328
1160 1418739328
1160 1418739329
220 1418739329
40034 1418739329
380 1418739329
200 1418739329
400 1418739329
380 1418739329
380 1418739329
1180 1418739329
1120 1418739329
1160 1418739329
380 1418739329
420 1418739329
1180 1418739329
200 1418739329
220 1418739329
1160 1418739329
200 1418739329
1180 1418739330
40034 1418739330
380 1418739330
400 1418739330
400 1418739330
780 1418739330
780 1418739330
1600 1418739330
380 1418739330
380 1418739330
1160 1418739330
400 1418739330
380 1418739330
200 1418739330
380 1418739330
1160 1418739330
400 1418739330
400 1418739331
380 1418739331
40034 1418739331
200 1418739331
200 1418739331
1180 1418739331
1160 1418739331
200 1418739331
380 1418739331
380 1418739331
380 1418739331
200 1418739331
220 1418739331
1540 1418739331
1160 1418739331
1160 1418739331
200 1418739331
360 1418739331
380 1418739332
400 1418739332
40030 1418739332
400 1418739332
400 1418739332
380 1418739332
380 1418739332
1180 1418739332
760 1418739332
180 1418739332
400 1418739332
200 1418739332
200 1418739332
400 1418739332
220 1418739332
360 1418739332
400 1418739332
200 1418739333
380 1418739333
980 1418739333
40035 1418739333
380 1418739333
380 1418739333
1160 1418739333
380 1418739333
400 1418739333
380 1418739333
1600 1418739333
380 1418739333
400 1418739333
380 1418739333
200 1418739333
420 1418739333
380 1418739333
200 1418739334
400 1418739334
1180 1418739334
40036 1418739334
400 1418739334
980 1418739334
200 1418739334
220 1418739334
220 1418739334
760 1418739334
380 1418739334
760 1418739334
220 1418739334
1540 1418739334
400 1418739334
420 1418739334
780 1418739334
200 1418739334
1160 1418739335
1160 1418739335
200 1418739335
40034 1418739335
1160 1418739335
1160 1418739335
380 1418739335
1560 1418739335
380 1418739335
400 1418739335
360 1418739335
180 1418739335
1540 1418739335
380 1418739335
220 1418739335
380 1418739335
380 1418739335
780 1418739335
360 1418739336
180 1418739336
40037 1418739336
200 1418739336
220 1418739336
200 1418739336
380 1418739336
200 1418739336
760 1418739336
380 1418739336
220 1418739336
380 1418739336
760 1418739336
1160 1418739336
1160 1418739336
1540 1418739336
760 1418739336
200 1418739337
1160 1418739337
200 1418739337
40029 1418739337
380 1418739337
760 1418739337
220 1418739337
200 1418739337
380 1418739337
1580 1418739337
220 1418739337
220 1418739337
1160 1418739337
780 1418739337
180 1418739337
1160 1418739337
400 1418739337
1160 1418739338
200 1418739338
1540 1418739338
400 1418739338
40031 1418739338
420 1418739338
380 1418739338
380 1418739338
380 1418739338
400 1418739338
1180 1418739338
380 1418739338
200 1418739338
360 1418739338
1160 1418739338
1160 1418739338
760 1418739338
60 1418739338
380 1418739339
1160 1418739339
60 1418739339
40032 1418739339
800 1418739339
400 1418739339
780 1418739339
400 1418739339
760 1418739339
200 1418739339
380 1418739339
200 1418739339
400 1418739339
780 1418739339
400 1418739339
1160 1418739339
200 1418739339
1160 1418739339
1180 1418739340
200 1418739340
400 1418739340
40032 1418739340
380 1418739340
1160 1418739340
200 1418739340
380 1418739340
380 1418739340
1160 1418739340
1140 1418739340
1160 1418739340
780 1418739340
1180 1418739340
780 1418739340
1160 1418739340
400 1418739340
400 1418739340
40025 1418739341
40000 1418739342
40000 1418739343
40000 1418739344
40000 1418739345
40000 1418739346
40000 1418739347
40000 1418739348
40000 1418739349
40000 1418739350
40000 1418739351
40000 1418739352
40000 1418739353
40000 1418739354
40000 1418739355
40000 1418739356
40000 1418739357
40000 1418739358
40000 1418739359
40000 1418739360
40000 1418739361
40000 1418739362
40000 1418739363
40000 1418739364
40000 1418739365
40000 1418739366
40000 1418739367
40000 1418739368
40000 1418739369
40000 1418739370
40000 1418739371
40000 1418739372
40000 1418739373
40000 1418739374
40000 1418739375
40000 1418739376
40000 1418739377
40000 1418739378
40000 1418739379
40000 1418739380
40000 1418739381
40000 1418739382
40000 1418739383
40000 1418739384
40000 1418739385
40000 1418739386
40000 1418739387
40000 1418739388
40000 1418739389
40000 1418739390
40000 1418739391
40000 1418739392
40000 1418739393
40000 1418739394
40000 1418739395
40000 1418739396
40000 1418739397
40000 1418739398
40000 1418739399
40000 1418739400
40000 1418739401
40000 1418739402
40000 1418739403
40000 1418739404
40000 1418739405
40000 1418739406
40000 1418739407
40000 1418739408
40000 1418739409
40000 1418739410
40000 1418739411
40000 1418739412
40000 1418739413
40000 1418739414
40000 1418739415
40000 1418739416
40000 1418739417
40000 1418739418
40000 1418739419
40000 1418739420
40000 1418739421
40000 1418739422
40000 1418739423
40000 1418739424
40000 1418739425
40000 1418739426
40000 1418739427
40000 1418739428
40000 1418739429
40000 1418739430
40000 1418739431
40000 1418739432
40000 1418739433
40000 1418739434
40000 1418739435
40000 1418739436
40000 1418739437
40000 1418739438
40000 1418739439
40000 1418739440
40000 1418739441
40000 1418739442
40000 1418739443
40000 1418739444
40000 1418739445
40000 1418739446
40000 1418739447
40000 1418739448
40000 1418739449
40000 1418739450
40000 1418739451
40000 1418739452
40000 1418739453
40000 1418739454
40000 1418739455
40000 1418739456
40000 1418739457
40000 1418739458
40000 1418739459
40000 1418739460
40000 1418739461
40000 1418739462
40000 1418739463
40000 1418739464
40000 1418739465
40000 1418739466
40000 1418739467
40000 1418739468
40000 1418739469
40000 1418739470
40000 1418739471
40000 1418739472
40000 1418739473
40000 1418739474
40000 1418739475
40000 1418739476
40000 1418739477
40000 1418739478
40000 1418739479
40000 1418739480
40000 1418739481
40000 1418739483
40000 1418739484
40000 1418739485
40000 1418739486
40000 1418739487
40000 1418739488
40000 1418739489
40000 1418739490
40000 1418739491
40000 1418739492
40000 1418739493
40000 1418739494
40000 1418739495
40000 1418739496
40000 1418739497
40000 1418739498
40000 1418739499
40000 1418739500
40000 1418739501
40000 1418739502
40000 1418739503
40000 1418739504
40000 1418739505
40000 1418739506
40000 1418739507
40000 1418739508
40000 1418739509
40000 1418739510
40000 1418739511
40000 1418739512
40000 1418739513
40000 1418739514
40000 1418739515
40000 1418739516
40000 1418739517
40000 1418739518
40000 1418739519
40000 1418739520
40000 1418739521
40000 1418739522
40000 1418739523
40000 1418739524
40000 1418739525
40000 1418739526
40000 1418739527
40000 1418739528
40000 1418739529
40000 1418739530
40000 1418739531
40000 1418739532
40000 1418739533
40000 1418739534
40000 1418739535
40000 1418739536
40000 1418739537
40000 1418739538
40000 1418739539
40000 1418739540
40000 1418739541
40000 1418739542
40000 1418739543
40000 1418739544
40000 1418739545
40000 1418739546
40000 1418739547
40000 1418739548
40000 1418739549
40000 1418739550
40000 1418739551
40000 1418739552
40000 1418739553
40000 1418739554
40000 1418739555
40000 1418739556
40000 1418739557
40000 1418739558
40000 1418739559
40000 1418739560
40000 1418739561
40000 1418739562
40000 1418739563
40000 1418739564
40000 1418739565
40000 1418739566
40000 1418739567
40000 1418739568
40000 1418739569
40000 1418739570
40000 1418739571
40000 1418739572
40000 1418739573
40000 1418739574
40000 1418739575
40000 1418739576
40000 1418739577
40000 1418739578
40000 1418739579
40000 1418739580
40000 1418739581
40000 1418739582
40000 1418739583
40000 1418739584
40000 1418739585
40000 1418739586
40000 1418739587
40000 1418739588
40000 1418739589
40000 1418739590
40000 1418739591
40000 1418739592
40000 1418739593
40000 1418739594
40000 1418739595
40000 1418739596
40000 1418739597
40000 1418739598
40000 1418739599
40000 1418739600
40000 1418739601
40000 1418739602
40000 1418739603
40000 1418739604
40000 1418739605
40000 1418739606
40000 1418739607
40000 1418739608
40000 1418739609
40000 1418739610
40000 1418739611
40000 1418739612
40000 1418739613
40000 1418739614
40000 1418739615
40000 1418739616
40000 1418739617
40000 1418739618
40000 1418739619
40000 1418739620
40000 1418739621
40000 1418739622
40000 1418739623
40000 1418739624
40000 1418739625
40000 1418739626
40000 1418739627
40000 1418739628
40000 1418739629
40000 1418739630
40000 1418739631
40000 1418739632
40000 1418739633
40000 1418739634
40000 1418739635
40000 1418739636
40000 1418739637
40000 1418739638
40000 1418739639
40000 1418739640
40000 1418739641
40000 1418739642
40000 1418739643
40000 1418739644
40000 1418739645
40000 1418739646
40000 1418739647
40000 1418739648
40000 1418739649
40000 1418739650
40000 1418739651
40000 1418739652
40000 1418739653
40000 1418739654
40000 1418739655
40000 1418739656
40000 1418739657
40000 1418739658
40000 1418739659
40000 1418739660
40000 1418739661
40000 1418739662
40000 1418739663
40000 1418739664
40000 1418739665
40000 1418739666
40000 1418739667
40000 1418739668
40000 1418739669
40000 1418739670
40000 1418739671
